-1 0 1 2 3 4 2 2 7 1 0 12 0 3 3 0
1 -1 1 2 3 4 2 2 7 1 13 4 13 3 3 1
1 2 -1 2 3 4 2 2 7 4 13 4 13 3 3 7
1 2 3 -1 3 4 5 6 5 4 13 4 13 3 3 14
1 2 3 4 -1 4 5 6 5 4 11 4 5 14 8 7
1 2 3 4 5 -1 5 6 5 11 11 12 5 14 8 7
1 2 6 4 5 6 -1 6 6 10 13 12 13 14 8 7
1 2 7 4 5 6 7 -1 7 10 13 12 13 14 8 7
1 2 7 4 5 8 8 8 -1 10 13 12 13 14 8 14
1 9 3 4 9 12 8 8 14 -1 9 9 11 10 13 14
10 2 3 13 11 12 8 8 14 10 -1 10 11 10 13 14
12 2 3 4 11 12 8 8 14 11 11 -1 11 12 13 14
12 2 3 13 5 12 8 8 14 11 11 12 -1 12 13 14
1 2 3 13 5 8 8 8 14 10 13 12 13 -1 13 14
1 2 3 14 5 8 8 8 14 10 13 12 13 14 -1 14
15 15 7 14 5 6 7 15 14 10 13 12 13 14 15 -1
