Report file of this simulation run. 

----------------------------------------------------
General Information:
----------------------------------------------------
Lost Packets:   0
Average flit latency: 11.37 ns.
Average packet latency: 49.05 ns.
Average network latency: 49.05 ns.
Clock Counts: [900000]
----------------------------------------------------
Router Matrixes:
----------------------------------------------------
Routing calculations:
----------------------------------------------------
Link Matrixes:
----------------------------------------------------
Transmission matrix of links 0:
from\to     IDLE     HEAD     HID      0D     0ID      1D     1ID      2D     2ID      3D     3ID      4D     4ID
IDLE	[ 0.0001,  0.0000, 0.0000, 0.0000, 0.0000, 0.0000, 0.0000, 0.0000, 0.0000, 0.0000, 0.0000, 0.0000, 0.0000 ]
HEAD	[ 0.0000,  0.0000, 0.0000, 0.0013, 0.0000, 0.0025, 0.0000, 0.0000, 0.0000, 0.0038, 0.0000, 0.0024, 0.0000 ]
HID	[ 0.0000,  0.0000, 0.0000, 0.0000, 0.0000, 0.0000, 0.0000, 0.0000, 0.0000, 0.0000, 0.0000, 0.0000, 0.0000 ]
0D	[ 0.0000,  0.0000, 0.0000, 0.0396, 0.0013, 0.0000, 0.0000, 0.0000, 0.0000, 0.0000, 0.0000, 0.0000, 0.0000 ]
0ID	[ 0.0000,  0.0013, 0.0000, 0.0000, 0.0893, 0.0000, 0.0000, 0.0000, 0.0000, 0.0000, 0.0000, 0.0000, 0.0000 ]
1D	[ 0.0000,  0.0000, 0.0000, 0.0000, 0.0000, 0.0747, 0.0025, 0.0000, 0.0000, 0.0000, 0.0000, 0.0000, 0.0000 ]
1ID	[ 0.0000,  0.0025, 0.0000, 0.0000, 0.0000, 0.0000, 0.1754, 0.0000, 0.0000, 0.0000, 0.0000, 0.0000, 0.0000 ]
2D	[ 0.0000,  0.0000, 0.0000, 0.0000, 0.0000, 0.0000, 0.0000, 0.0000, 0.0000, 0.0000, 0.0000, 0.0000, 0.0000 ]
2ID	[ 0.0000,  0.0000, 0.0000, 0.0000, 0.0000, 0.0000, 0.0000, 0.0000, 0.0000, 0.0000, 0.0000, 0.0000, 0.0000 ]
3D	[ 0.0000,  0.0000, 0.0000, 0.0000, 0.0000, 0.0000, 0.0000, 0.0000, 0.0000, 0.1152, 0.0038, 0.0000, 0.0000 ]
3ID	[ 0.0000,  0.0038, 0.0000, 0.0000, 0.0000, 0.0000, 0.0000, 0.0000, 0.0000, 0.0000, 0.2396, 0.0000, 0.0000 ]
4D	[ 0.0000,  0.0000, 0.0000, 0.0000, 0.0000, 0.0000, 0.0000, 0.0000, 0.0000, 0.0000, 0.0000, 0.0708, 0.0024 ]
4ID	[ 0.0000,  0.0024, 0.0000, 0.0000, 0.0000, 0.0000, 0.0000, 0.0000, 0.0000, 0.0000, 0.0000, 0.0000, 0.1653 ]
Transmission matrix of links 1:
from\to     IDLE     HEAD     HID      0D     0ID      1D     1ID      2D     2ID      3D     3ID      4D     4ID
IDLE	[ 0.0000,  0.0000, 0.0000, 0.0000, 0.0000, 0.0000, 0.0000, 0.0000, 0.0000, 0.0000, 0.0000, 0.0000, 0.0000 ]
HEAD	[ 0.0000,  0.0000, 0.0000, 0.0000, 0.0000, 0.0000, 0.0000, 0.0000, 0.0000, 0.0100, 0.0000, 0.0000, 0.0000 ]
HID	[ 0.0000,  0.0000, 0.0000, 0.0000, 0.0000, 0.0000, 0.0000, 0.0000, 0.0000, 0.0000, 0.0000, 0.0000, 0.0000 ]
0D	[ 0.0000,  0.0000, 0.0000, 0.0003, 0.0000, 0.0000, 0.0000, 0.0000, 0.0000, 0.0000, 0.0000, 0.0000, 0.0000 ]
0ID	[ 0.0000,  0.0000, 0.0000, 0.0000, 0.0000, 0.0000, 0.0000, 0.0000, 0.0000, 0.0000, 0.0000, 0.0000, 0.0000 ]
1D	[ 0.0000,  0.0000, 0.0000, 0.0000, 0.0000, 0.0000, 0.0000, 0.0000, 0.0000, 0.0000, 0.0000, 0.0000, 0.0000 ]
1ID	[ 0.0000,  0.0000, 0.0000, 0.0000, 0.0000, 0.0000, 0.0000, 0.0000, 0.0000, 0.0000, 0.0000, 0.0000, 0.0000 ]
2D	[ 0.0000,  0.0000, 0.0000, 0.0000, 0.0000, 0.0000, 0.0000, 0.0000, 0.0000, 0.0000, 0.0000, 0.0000, 0.0000 ]
2ID	[ 0.0000,  0.0000, 0.0000, 0.0000, 0.0000, 0.0000, 0.0000, 0.0000, 0.0000, 0.0000, 0.0000, 0.0000, 0.0000 ]
3D	[ 0.0000,  0.0007, 0.0000, 0.0000, 0.0000, 0.0000, 0.0000, 0.0000, 0.0000, 0.2953, 0.0136, 0.0000, 0.0000 ]
3ID	[ 0.0000,  0.0093, 0.0000, 0.0000, 0.0000, 0.0000, 0.0000, 0.0000, 0.0000, 0.0044, 0.6664, 0.0000, 0.0000 ]
4D	[ 0.0000,  0.0000, 0.0000, 0.0000, 0.0000, 0.0000, 0.0000, 0.0000, 0.0000, 0.0000, 0.0000, 0.0000, 0.0000 ]
4ID	[ 0.0000,  0.0000, 0.0000, 0.0000, 0.0000, 0.0000, 0.0000, 0.0000, 0.0000, 0.0000, 0.0000, 0.0000, 0.0000 ]
Transmission matrix of links 2:
from\to     IDLE     HEAD     HID      0D     0ID      1D     1ID      2D     2ID      3D     3ID      4D     4ID
IDLE	[ 0.0000,  0.0000, 0.0000, 0.0000, 0.0000, 0.0000, 0.0000, 0.0000, 0.0000, 0.0000, 0.0000, 0.0000, 0.0000 ]
HEAD	[ 0.0000,  0.0000, 0.0000, 0.0000, 0.0000, 0.0000, 0.0000, 0.0000, 0.0000, 0.0073, 0.0000, 0.0000, 0.0000 ]
HID	[ 0.0000,  0.0000, 0.0000, 0.0000, 0.0000, 0.0000, 0.0000, 0.0000, 0.0000, 0.0000, 0.0000, 0.0000, 0.0000 ]
0D	[ 0.0000,  0.0000, 0.0000, 0.0003, 0.0000, 0.0000, 0.0000, 0.0000, 0.0000, 0.0000, 0.0000, 0.0000, 0.0000 ]
0ID	[ 0.0000,  0.0000, 0.0000, 0.0000, 0.0000, 0.0000, 0.0000, 0.0000, 0.0000, 0.0000, 0.0000, 0.0000, 0.0000 ]
1D	[ 0.0000,  0.0000, 0.0000, 0.0000, 0.0000, 0.0000, 0.0000, 0.0000, 0.0000, 0.0000, 0.0000, 0.0000, 0.0000 ]
1ID	[ 0.0000,  0.0000, 0.0000, 0.0000, 0.0000, 0.0000, 0.0000, 0.0000, 0.0000, 0.0000, 0.0000, 0.0000, 0.0000 ]
2D	[ 0.0000,  0.0000, 0.0000, 0.0000, 0.0000, 0.0000, 0.0000, 0.0000, 0.0000, 0.0000, 0.0000, 0.0000, 0.0000 ]
2ID	[ 0.0000,  0.0000, 0.0000, 0.0000, 0.0000, 0.0000, 0.0000, 0.0000, 0.0000, 0.0000, 0.0000, 0.0000, 0.0000 ]
3D	[ 0.0000,  0.0000, 0.0000, 0.0000, 0.0000, 0.0000, 0.0000, 0.0000, 0.0000, 0.2175, 0.0100, 0.0000, 0.0000 ]
3ID	[ 0.0000,  0.0073, 0.0000, 0.0000, 0.0000, 0.0000, 0.0000, 0.0000, 0.0000, 0.0027, 0.7547, 0.0000, 0.0000 ]
4D	[ 0.0000,  0.0000, 0.0000, 0.0000, 0.0000, 0.0000, 0.0000, 0.0000, 0.0000, 0.0000, 0.0000, 0.0000, 0.0000 ]
4ID	[ 0.0000,  0.0000, 0.0000, 0.0000, 0.0000, 0.0000, 0.0000, 0.0000, 0.0000, 0.0000, 0.0000, 0.0000, 0.0000 ]
Transmission matrix of links 3:
from\to     IDLE     HEAD     HID      0D     0ID      1D     1ID      2D     2ID      3D     3ID      4D     4ID
IDLE	[ 0.0001,  0.0000, 0.0000, 0.0000, 0.0000, 0.0000, 0.0000, 0.0000, 0.0000, 0.0000, 0.0000, 0.0000, 0.0000 ]
HEAD	[ 0.0000,  0.0000, 0.0000, 0.0000, 0.0000, 0.0038, 0.0000, 0.0000, 0.0000, 0.0036, 0.0000, 0.0000, 0.0000 ]
HID	[ 0.0000,  0.0000, 0.0000, 0.0000, 0.0000, 0.0000, 0.0000, 0.0000, 0.0000, 0.0000, 0.0000, 0.0000, 0.0000 ]
0D	[ 0.0000,  0.0000, 0.0000, 0.0000, 0.0000, 0.0000, 0.0000, 0.0000, 0.0000, 0.0000, 0.0000, 0.0000, 0.0000 ]
0ID	[ 0.0000,  0.0000, 0.0000, 0.0000, 0.0000, 0.0000, 0.0000, 0.0000, 0.0000, 0.0000, 0.0000, 0.0000, 0.0000 ]
1D	[ 0.0000,  0.0000, 0.0000, 0.0000, 0.0000, 0.1141, 0.0049, 0.0000, 0.0000, 0.0000, 0.0000, 0.0000, 0.0000 ]
1ID	[ 0.0000,  0.0038, 0.0000, 0.0000, 0.0000, 0.0011, 0.3809, 0.0000, 0.0000, 0.0000, 0.0000, 0.0000, 0.0000 ]
2D	[ 0.0000,  0.0000, 0.0000, 0.0000, 0.0000, 0.0000, 0.0000, 0.0000, 0.0000, 0.0000, 0.0000, 0.0000, 0.0000 ]
2ID	[ 0.0000,  0.0000, 0.0000, 0.0000, 0.0000, 0.0000, 0.0000, 0.0000, 0.0000, 0.0000, 0.0000, 0.0000, 0.0000 ]
3D	[ 0.0000,  0.0000, 0.0000, 0.0000, 0.0000, 0.0000, 0.0000, 0.0000, 0.0000, 0.1079, 0.0046, 0.0000, 0.0000 ]
3ID	[ 0.0000,  0.0036, 0.0000, 0.0000, 0.0000, 0.0000, 0.0000, 0.0000, 0.0000, 0.0010, 0.3704, 0.0000, 0.0000 ]
4D	[ 0.0000,  0.0000, 0.0000, 0.0000, 0.0000, 0.0000, 0.0000, 0.0000, 0.0000, 0.0000, 0.0000, 0.0000, 0.0000 ]
4ID	[ 0.0000,  0.0000, 0.0000, 0.0000, 0.0000, 0.0000, 0.0000, 0.0000, 0.0000, 0.0000, 0.0000, 0.0000, 0.0000 ]
Transmission matrix of links 4:
from\to     IDLE     HEAD     HID      0D     0ID      1D     1ID      2D     2ID      3D     3ID      4D     4ID
IDLE	[ 0.0036,  0.0000, 0.0000, 0.0000, 0.0000, 0.0000, 0.0000, 0.0000, 0.0000, 0.0000, 0.0000, 0.0000, 0.0000 ]
HEAD	[ 0.0000,  0.0000, 0.0000, 0.0000, 0.0000, 0.0026, 0.0000, 0.0000, 0.0000, 0.0050, 0.0000, 0.0000, 0.0000 ]
HID	[ 0.0000,  0.0000, 0.0000, 0.0000, 0.0000, 0.0000, 0.0000, 0.0000, 0.0000, 0.0000, 0.0000, 0.0000, 0.0000 ]
0D	[ 0.0000,  0.0000, 0.0000, 0.0000, 0.0000, 0.0000, 0.0000, 0.0000, 0.0000, 0.0000, 0.0000, 0.0000, 0.0000 ]
0ID	[ 0.0000,  0.0000, 0.0000, 0.0000, 0.0000, 0.0000, 0.0000, 0.0000, 0.0000, 0.0000, 0.0000, 0.0000, 0.0000 ]
1D	[ 0.0000,  0.0000, 0.0000, 0.0000, 0.0000, 0.0776, 0.0030, 0.0000, 0.0000, 0.0000, 0.0000, 0.0000, 0.0000 ]
1ID	[ 0.0000,  0.0026, 0.0000, 0.0000, 0.0000, 0.0004, 0.2577, 0.0000, 0.0000, 0.0000, 0.0000, 0.0000, 0.0000 ]
2D	[ 0.0000,  0.0000, 0.0000, 0.0000, 0.0000, 0.0000, 0.0000, 0.0000, 0.0000, 0.0000, 0.0000, 0.0000, 0.0000 ]
2ID	[ 0.0000,  0.0000, 0.0000, 0.0000, 0.0000, 0.0000, 0.0000, 0.0000, 0.0000, 0.0000, 0.0000, 0.0000, 0.0000 ]
3D	[ 0.0000,  0.0000, 0.0000, 0.0000, 0.0000, 0.0000, 0.0000, 0.0000, 0.0000, 0.1487, 0.0060, 0.0000, 0.0000 ]
3ID	[ 0.0000,  0.0050, 0.0000, 0.0000, 0.0000, 0.0000, 0.0000, 0.0000, 0.0000, 0.0010, 0.4867, 0.0000, 0.0000 ]
4D	[ 0.0000,  0.0000, 0.0000, 0.0000, 0.0000, 0.0000, 0.0000, 0.0000, 0.0000, 0.0000, 0.0000, 0.0000, 0.0000 ]
4ID	[ 0.0000,  0.0000, 0.0000, 0.0000, 0.0000, 0.0000, 0.0000, 0.0000, 0.0000, 0.0000, 0.0000, 0.0000, 0.0000 ]
Transmission matrix of links 5:
from\to     IDLE     HEAD     HID      0D     0ID      1D     1ID      2D     2ID      3D     3ID      4D     4ID
IDLE	[ 0.0018,  0.0000, 0.0000, 0.0000, 0.0000, 0.0000, 0.0000, 0.0000, 0.0000, 0.0000, 0.0000, 0.0000, 0.0000 ]
HEAD	[ 0.0000,  0.0000, 0.0000, 0.0013, 0.0000, 0.0012, 0.0000, 0.0000, 0.0000, 0.0026, 0.0000, 0.0024, 0.0000 ]
HID	[ 0.0000,  0.0000, 0.0000, 0.0000, 0.0000, 0.0000, 0.0000, 0.0000, 0.0000, 0.0000, 0.0000, 0.0000, 0.0000 ]
0D	[ 0.0000,  0.0000, 0.0000, 0.0395, 0.0014, 0.0000, 0.0000, 0.0000, 0.0000, 0.0000, 0.0000, 0.0000, 0.0000 ]
0ID	[ 0.0000,  0.0013, 0.0000, 0.0001, 0.1617, 0.0000, 0.0000, 0.0000, 0.0000, 0.0000, 0.0000, 0.0000, 0.0000 ]
1D	[ 0.0000,  0.0000, 0.0000, 0.0000, 0.0000, 0.0373, 0.0014, 0.0000, 0.0000, 0.0000, 0.0000, 0.0000, 0.0000 ]
1ID	[ 0.0000,  0.0012, 0.0000, 0.0000, 0.0000, 0.0002, 0.1276, 0.0000, 0.0000, 0.0000, 0.0000, 0.0000, 0.0000 ]
2D	[ 0.0000,  0.0000, 0.0000, 0.0000, 0.0000, 0.0000, 0.0000, 0.0000, 0.0000, 0.0000, 0.0000, 0.0000, 0.0000 ]
2ID	[ 0.0000,  0.0000, 0.0000, 0.0000, 0.0000, 0.0000, 0.0000, 0.0000, 0.0000, 0.0000, 0.0000, 0.0000, 0.0000 ]
3D	[ 0.0000,  0.0000, 0.0000, 0.0000, 0.0000, 0.0000, 0.0000, 0.0000, 0.0000, 0.0763, 0.0027, 0.0000, 0.0000 ]
3ID	[ 0.0000,  0.0025, 0.0000, 0.0000, 0.0000, 0.0000, 0.0000, 0.0000, 0.0000, 0.0002, 0.2298, 0.0000, 0.0000 ]
4D	[ 0.0000,  0.0000, 0.0000, 0.0000, 0.0000, 0.0000, 0.0000, 0.0000, 0.0000, 0.0000, 0.0000, 0.0706, 0.0025 ]
4ID	[ 0.0000,  0.0024, 0.0000, 0.0000, 0.0000, 0.0000, 0.0000, 0.0000, 0.0000, 0.0000, 0.0000, 0.0002, 0.2316 ]
Transmission matrix of links 6:
from\to     IDLE     HEAD     HID      0D     0ID      1D     1ID      2D     2ID      3D     3ID      4D     4ID
IDLE	[ 0.0001,  0.0000, 0.0000, 0.0000, 0.0000, 0.0000, 0.0000, 0.0000, 0.0000, 0.0000, 0.0000, 0.0000, 0.0000 ]
HEAD	[ 0.0000,  0.0000, 0.0000, 0.0013, 0.0000, 0.0022, 0.0000, 0.0000, 0.0000, 0.0036, 0.0000, 0.0026, 0.0000 ]
HID	[ 0.0000,  0.0000, 0.0000, 0.0000, 0.0000, 0.0000, 0.0000, 0.0000, 0.0000, 0.0000, 0.0000, 0.0000, 0.0000 ]
0D	[ 0.0000,  0.0000, 0.0000, 0.0402, 0.0013, 0.0000, 0.0000, 0.0000, 0.0000, 0.0000, 0.0000, 0.0000, 0.0000 ]
0ID	[ 0.0000,  0.0013, 0.0000, 0.0000, 0.0698, 0.0000, 0.0000, 0.0000, 0.0000, 0.0000, 0.0000, 0.0000, 0.0000 ]
1D	[ 0.0000,  0.0000, 0.0000, 0.0000, 0.0000, 0.0663, 0.0022, 0.0000, 0.0000, 0.0000, 0.0000, 0.0000, 0.0000 ]
1ID	[ 0.0000,  0.0022, 0.0000, 0.0000, 0.0000, 0.0000, 0.1336, 0.0000, 0.0000, 0.0000, 0.0000, 0.0000, 0.0000 ]
2D	[ 0.0000,  0.0000, 0.0000, 0.0000, 0.0000, 0.0000, 0.0000, 0.0000, 0.0000, 0.0000, 0.0000, 0.0000, 0.0000 ]
2ID	[ 0.0000,  0.0000, 0.0000, 0.0000, 0.0000, 0.0000, 0.0000, 0.0000, 0.0000, 0.0000, 0.0000, 0.0000, 0.0000 ]
3D	[ 0.0000,  0.0000, 0.0000, 0.0000, 0.0000, 0.0000, 0.0000, 0.0000, 0.0000, 0.1077, 0.0036, 0.0000, 0.0000 ]
3ID	[ 0.0000,  0.0036, 0.0000, 0.0000, 0.0000, 0.0000, 0.0000, 0.0000, 0.0000, 0.0000, 0.2724, 0.0000, 0.0000 ]
4D	[ 0.0000,  0.0000, 0.0000, 0.0000, 0.0000, 0.0000, 0.0000, 0.0000, 0.0000, 0.0000, 0.0000, 0.0783, 0.0026 ]
4ID	[ 0.0000,  0.0026, 0.0000, 0.0000, 0.0000, 0.0000, 0.0000, 0.0000, 0.0000, 0.0000, 0.0000, 0.0000, 0.2023 ]
Transmission matrix of links 7:
from\to     IDLE     HEAD     HID      0D     0ID      1D     1ID      2D     2ID      3D     3ID      4D     4ID
IDLE	[ 0.0000,  0.0000, 0.0000, 0.0000, 0.0000, 0.0000, 0.0000, 0.0000, 0.0000, 0.0000, 0.0000, 0.0000, 0.0000 ]
HEAD	[ 0.0000,  0.0000, 0.0000, 0.0000, 0.0000, 0.0000, 0.0000, 0.0000, 0.0000, 0.0100, 0.0000, 0.0000, 0.0000 ]
HID	[ 0.0000,  0.0000, 0.0000, 0.0000, 0.0000, 0.0000, 0.0000, 0.0000, 0.0000, 0.0000, 0.0000, 0.0000, 0.0000 ]
0D	[ 0.0000,  0.0000, 0.0000, 0.0000, 0.0000, 0.0000, 0.0000, 0.0000, 0.0000, 0.0000, 0.0000, 0.0000, 0.0000 ]
0ID	[ 0.0000,  0.0000, 0.0000, 0.0000, 0.0000, 0.0000, 0.0000, 0.0000, 0.0000, 0.0000, 0.0000, 0.0000, 0.0000 ]
1D	[ 0.0000,  0.0000, 0.0000, 0.0000, 0.0000, 0.0003, 0.0000, 0.0000, 0.0000, 0.0000, 0.0000, 0.0000, 0.0000 ]
1ID	[ 0.0000,  0.0000, 0.0000, 0.0000, 0.0000, 0.0000, 0.0007, 0.0000, 0.0000, 0.0000, 0.0000, 0.0000, 0.0000 ]
2D	[ 0.0000,  0.0000, 0.0000, 0.0000, 0.0000, 0.0000, 0.0000, 0.0000, 0.0000, 0.0000, 0.0000, 0.0000, 0.0000 ]
2ID	[ 0.0000,  0.0000, 0.0000, 0.0000, 0.0000, 0.0000, 0.0000, 0.0000, 0.0000, 0.0000, 0.0000, 0.0000, 0.0000 ]
3D	[ 0.0000,  0.0008, 0.0000, 0.0000, 0.0000, 0.0000, 0.0000, 0.0000, 0.0000, 0.2948, 0.0140, 0.0000, 0.0000 ]
3ID	[ 0.0000,  0.0092, 0.0000, 0.0000, 0.0000, 0.0000, 0.0000, 0.0000, 0.0000, 0.0049, 0.6653, 0.0000, 0.0000 ]
4D	[ 0.0000,  0.0000, 0.0000, 0.0000, 0.0000, 0.0000, 0.0000, 0.0000, 0.0000, 0.0000, 0.0000, 0.0000, 0.0000 ]
4ID	[ 0.0000,  0.0000, 0.0000, 0.0000, 0.0000, 0.0000, 0.0000, 0.0000, 0.0000, 0.0000, 0.0000, 0.0000, 0.0000 ]
Transmission matrix of links 8:
from\to     IDLE     HEAD     HID      0D     0ID      1D     1ID      2D     2ID      3D     3ID      4D     4ID
IDLE	[ 0.0000,  0.0000, 0.0000, 0.0000, 0.0000, 0.0000, 0.0000, 0.0000, 0.0000, 0.0000, 0.0000, 0.0000, 0.0000 ]
HEAD	[ 0.0000,  0.0000, 0.0000, 0.0000, 0.0000, 0.0000, 0.0000, 0.0000, 0.0000, 0.0071, 0.0000, 0.0000, 0.0000 ]
HID	[ 0.0000,  0.0000, 0.0000, 0.0000, 0.0000, 0.0000, 0.0000, 0.0000, 0.0000, 0.0000, 0.0000, 0.0000, 0.0000 ]
0D	[ 0.0000,  0.0000, 0.0000, 0.0000, 0.0000, 0.0000, 0.0000, 0.0000, 0.0000, 0.0000, 0.0000, 0.0000, 0.0000 ]
0ID	[ 0.0000,  0.0000, 0.0000, 0.0000, 0.0000, 0.0000, 0.0000, 0.0000, 0.0000, 0.0000, 0.0000, 0.0000, 0.0000 ]
1D	[ 0.0000,  0.0000, 0.0000, 0.0000, 0.0000, 0.0003, 0.0000, 0.0000, 0.0000, 0.0000, 0.0000, 0.0000, 0.0000 ]
1ID	[ 0.0000,  0.0000, 0.0000, 0.0000, 0.0000, 0.0000, 0.0037, 0.0000, 0.0000, 0.0000, 0.0000, 0.0000, 0.0000 ]
2D	[ 0.0000,  0.0000, 0.0000, 0.0000, 0.0000, 0.0000, 0.0000, 0.0000, 0.0000, 0.0000, 0.0000, 0.0000, 0.0000 ]
2ID	[ 0.0000,  0.0000, 0.0000, 0.0000, 0.0000, 0.0000, 0.0000, 0.0000, 0.0000, 0.0000, 0.0000, 0.0000, 0.0000 ]
3D	[ 0.0000,  0.0000, 0.0000, 0.0000, 0.0000, 0.0000, 0.0000, 0.0000, 0.0000, 0.2106, 0.0089, 0.0000, 0.0000 ]
3ID	[ 0.0000,  0.0071, 0.0000, 0.0000, 0.0000, 0.0000, 0.0000, 0.0000, 0.0000, 0.0018, 0.7605, 0.0000, 0.0000 ]
4D	[ 0.0000,  0.0000, 0.0000, 0.0000, 0.0000, 0.0000, 0.0000, 0.0000, 0.0000, 0.0000, 0.0000, 0.0000, 0.0000 ]
4ID	[ 0.0000,  0.0000, 0.0000, 0.0000, 0.0000, 0.0000, 0.0000, 0.0000, 0.0000, 0.0000, 0.0000, 0.0000, 0.0000 ]
Transmission matrix of links 9:
from\to     IDLE     HEAD     HID      0D     0ID      1D     1ID      2D     2ID      3D     3ID      4D     4ID
IDLE	[ 0.0000,  0.0000, 0.0000, 0.0000, 0.0000, 0.0000, 0.0000, 0.0000, 0.0000, 0.0000, 0.0000, 0.0000, 0.0000 ]
HEAD	[ 0.0000,  0.0000, 0.0000, 0.0000, 0.0000, 0.0078, 0.0000, 0.0000, 0.0000, 0.0000, 0.0000, 0.0000, 0.0000 ]
HID	[ 0.0000,  0.0000, 0.0000, 0.0000, 0.0000, 0.0000, 0.0000, 0.0000, 0.0000, 0.0000, 0.0000, 0.0000, 0.0000 ]
0D	[ 0.0000,  0.0000, 0.0000, 0.0000, 0.0000, 0.0000, 0.0000, 0.0000, 0.0000, 0.0000, 0.0000, 0.0000, 0.0000 ]
0ID	[ 0.0000,  0.0000, 0.0000, 0.0000, 0.0000, 0.0000, 0.0000, 0.0000, 0.0000, 0.0000, 0.0000, 0.0000, 0.0000 ]
1D	[ 0.0000,  0.0000, 0.0000, 0.0000, 0.0000, 0.2305, 0.0110, 0.0000, 0.0000, 0.0000, 0.0000, 0.0000, 0.0000 ]
1ID	[ 0.0000,  0.0078, 0.0000, 0.0000, 0.0000, 0.0032, 0.7397, 0.0000, 0.0000, 0.0000, 0.0000, 0.0000, 0.0000 ]
2D	[ 0.0000,  0.0000, 0.0000, 0.0000, 0.0000, 0.0000, 0.0000, 0.0000, 0.0000, 0.0000, 0.0000, 0.0000, 0.0000 ]
2ID	[ 0.0000,  0.0000, 0.0000, 0.0000, 0.0000, 0.0000, 0.0000, 0.0000, 0.0000, 0.0000, 0.0000, 0.0000, 0.0000 ]
3D	[ 0.0000,  0.0000, 0.0000, 0.0000, 0.0000, 0.0000, 0.0000, 0.0000, 0.0000, 0.0000, 0.0000, 0.0000, 0.0000 ]
3ID	[ 0.0000,  0.0000, 0.0000, 0.0000, 0.0000, 0.0000, 0.0000, 0.0000, 0.0000, 0.0000, 0.0000, 0.0000, 0.0000 ]
4D	[ 0.0000,  0.0000, 0.0000, 0.0000, 0.0000, 0.0000, 0.0000, 0.0000, 0.0000, 0.0000, 0.0000, 0.0000, 0.0000 ]
4ID	[ 0.0000,  0.0000, 0.0000, 0.0000, 0.0000, 0.0000, 0.0000, 0.0000, 0.0000, 0.0000, 0.0000, 0.0000, 0.0000 ]
Transmission matrix of links 10:
from\to     IDLE     HEAD     HID      0D     0ID      1D     1ID      2D     2ID      3D     3ID      4D     4ID
IDLE	[ 0.0001,  0.0000, 0.0000, 0.0000, 0.0000, 0.0000, 0.0000, 0.0000, 0.0000, 0.0000, 0.0000, 0.0000, 0.0000 ]
HEAD	[ 0.0000,  0.0000, 0.0000, 0.0000, 0.0000, 0.0028, 0.0000, 0.0000, 0.0000, 0.0055, 0.0000, 0.0000, 0.0000 ]
HID	[ 0.0000,  0.0000, 0.0000, 0.0000, 0.0000, 0.0000, 0.0000, 0.0000, 0.0000, 0.0000, 0.0000, 0.0000, 0.0000 ]
0D	[ 0.0000,  0.0000, 0.0000, 0.0003, 0.0000, 0.0000, 0.0000, 0.0000, 0.0000, 0.0000, 0.0000, 0.0000, 0.0000 ]
0ID	[ 0.0000,  0.0000, 0.0000, 0.0000, 0.0002, 0.0000, 0.0000, 0.0000, 0.0000, 0.0000, 0.0000, 0.0000, 0.0000 ]
1D	[ 0.0000,  0.0000, 0.0000, 0.0000, 0.0000, 0.0829, 0.0033, 0.0000, 0.0000, 0.0000, 0.0000, 0.0000, 0.0000 ]
1ID	[ 0.0000,  0.0028, 0.0000, 0.0000, 0.0000, 0.0005, 0.2494, 0.0000, 0.0000, 0.0000, 0.0000, 0.0000, 0.0000 ]
2D	[ 0.0000,  0.0000, 0.0000, 0.0000, 0.0000, 0.0000, 0.0000, 0.0000, 0.0000, 0.0000, 0.0000, 0.0000, 0.0000 ]
2ID	[ 0.0000,  0.0000, 0.0000, 0.0000, 0.0000, 0.0000, 0.0000, 0.0000, 0.0000, 0.0000, 0.0000, 0.0000, 0.0000 ]
3D	[ 0.0000,  0.0000, 0.0000, 0.0000, 0.0000, 0.0000, 0.0000, 0.0000, 0.0000, 0.1639, 0.0066, 0.0000, 0.0000 ]
3ID	[ 0.0000,  0.0055, 0.0000, 0.0000, 0.0000, 0.0000, 0.0000, 0.0000, 0.0000, 0.0011, 0.4752, 0.0000, 0.0000 ]
4D	[ 0.0000,  0.0000, 0.0000, 0.0000, 0.0000, 0.0000, 0.0000, 0.0000, 0.0000, 0.0000, 0.0000, 0.0000, 0.0000 ]
4ID	[ 0.0000,  0.0000, 0.0000, 0.0000, 0.0000, 0.0000, 0.0000, 0.0000, 0.0000, 0.0000, 0.0000, 0.0000, 0.0000 ]
Transmission matrix of links 11:
from\to     IDLE     HEAD     HID      0D     0ID      1D     1ID      2D     2ID      3D     3ID      4D     4ID
IDLE	[ 0.0000,  0.0000, 0.0000, 0.0000, 0.0000, 0.0000, 0.0000, 0.0000, 0.0000, 0.0000, 0.0000, 0.0000, 0.0000 ]
HEAD	[ 0.0000,  0.0000, 0.0000, 0.0013, 0.0000, 0.0010, 0.0000, 0.0000, 0.0000, 0.0025, 0.0000, 0.0026, 0.0000 ]
HID	[ 0.0000,  0.0000, 0.0000, 0.0000, 0.0000, 0.0000, 0.0000, 0.0000, 0.0000, 0.0000, 0.0000, 0.0000, 0.0000 ]
0D	[ 0.0000,  0.0000, 0.0000, 0.0401, 0.0014, 0.0000, 0.0000, 0.0000, 0.0000, 0.0000, 0.0000, 0.0000, 0.0000 ]
0ID	[ 0.0000,  0.0013, 0.0000, 0.0001, 0.1124, 0.0000, 0.0000, 0.0000, 0.0000, 0.0000, 0.0000, 0.0000, 0.0000 ]
1D	[ 0.0000,  0.0000, 0.0000, 0.0000, 0.0000, 0.0311, 0.0011, 0.0000, 0.0000, 0.0000, 0.0000, 0.0000, 0.0000 ]
1ID	[ 0.0000,  0.0010, 0.0000, 0.0000, 0.0000, 0.0001, 0.0930, 0.0000, 0.0000, 0.0000, 0.0000, 0.0000, 0.0000 ]
2D	[ 0.0000,  0.0000, 0.0000, 0.0000, 0.0000, 0.0000, 0.0000, 0.0000, 0.0000, 0.0000, 0.0000, 0.0000, 0.0000 ]
2ID	[ 0.0000,  0.0000, 0.0000, 0.0000, 0.0000, 0.0000, 0.0000, 0.0000, 0.0000, 0.0000, 0.0000, 0.0000, 0.0000 ]
3D	[ 0.0000,  0.0000, 0.0000, 0.0000, 0.0000, 0.0000, 0.0000, 0.0000, 0.0000, 0.0739, 0.0027, 0.0000, 0.0000 ]
3ID	[ 0.0000,  0.0025, 0.0000, 0.0000, 0.0000, 0.0000, 0.0000, 0.0000, 0.0000, 0.0002, 0.2698, 0.0000, 0.0000 ]
4D	[ 0.0000,  0.0000, 0.0000, 0.0000, 0.0000, 0.0000, 0.0000, 0.0000, 0.0000, 0.0000, 0.0000, 0.0781, 0.0028 ]
4ID	[ 0.0000,  0.0026, 0.0000, 0.0000, 0.0000, 0.0000, 0.0000, 0.0000, 0.0000, 0.0000, 0.0000, 0.0002, 0.2780 ]
Transmission matrix of links 12:
from\to     IDLE     HEAD     HID      0D     0ID      1D     1ID      2D     2ID      3D     3ID      4D     4ID
IDLE	[ 0.0001,  0.0000, 0.0000, 0.0000, 0.0000, 0.0000, 0.0000, 0.0000, 0.0000, 0.0000, 0.0000, 0.0000, 0.0000 ]
HEAD	[ 0.0000,  0.0000, 0.0000, 0.0012, 0.0000, 0.0015, 0.0000, 0.0000, 0.0000, 0.0048, 0.0000, 0.0024, 0.0000 ]
HID	[ 0.0000,  0.0000, 0.0000, 0.0000, 0.0000, 0.0000, 0.0000, 0.0000, 0.0000, 0.0000, 0.0000, 0.0000, 0.0000 ]
0D	[ 0.0000,  0.0000, 0.0000, 0.0345, 0.0012, 0.0000, 0.0000, 0.0000, 0.0000, 0.0000, 0.0000, 0.0000, 0.0000 ]
0ID	[ 0.0000,  0.0012, 0.0000, 0.0000, 0.0787, 0.0000, 0.0000, 0.0000, 0.0000, 0.0000, 0.0000, 0.0000, 0.0000 ]
1D	[ 0.0000,  0.0000, 0.0000, 0.0000, 0.0000, 0.0438, 0.0015, 0.0000, 0.0000, 0.0000, 0.0000, 0.0000, 0.0000 ]
1ID	[ 0.0000,  0.0015, 0.0000, 0.0000, 0.0000, 0.0000, 0.1022, 0.0000, 0.0000, 0.0000, 0.0000, 0.0000, 0.0000 ]
2D	[ 0.0000,  0.0000, 0.0000, 0.0000, 0.0000, 0.0000, 0.0000, 0.0006, 0.0000, 0.0000, 0.0000, 0.0000, 0.0000 ]
2ID	[ 0.0000,  0.0000, 0.0000, 0.0000, 0.0000, 0.0000, 0.0000, 0.0000, 0.0010, 0.0000, 0.0000, 0.0000, 0.0000 ]
3D	[ 0.0000,  0.0000, 0.0000, 0.0000, 0.0000, 0.0000, 0.0000, 0.0000, 0.0000, 0.1446, 0.0048, 0.0000, 0.0000 ]
3ID	[ 0.0000,  0.0048, 0.0000, 0.0000, 0.0000, 0.0000, 0.0000, 0.0000, 0.0000, 0.0000, 0.3126, 0.0000, 0.0000 ]
4D	[ 0.0000,  0.0000, 0.0000, 0.0000, 0.0000, 0.0000, 0.0000, 0.0000, 0.0000, 0.0000, 0.0000, 0.0726, 0.0024 ]
4ID	[ 0.0000,  0.0024, 0.0000, 0.0000, 0.0000, 0.0000, 0.0000, 0.0000, 0.0000, 0.0000, 0.0000, 0.0000, 0.1798 ]
Transmission matrix of links 13:
from\to     IDLE     HEAD     HID      0D     0ID      1D     1ID      2D     2ID      3D     3ID      4D     4ID
IDLE	[ 0.0000,  0.0000, 0.0000, 0.0000, 0.0000, 0.0000, 0.0000, 0.0000, 0.0000, 0.0000, 0.0000, 0.0000, 0.0000 ]
HEAD	[ 0.0000,  0.0000, 0.0000, 0.0000, 0.0000, 0.0100, 0.0000, 0.0000, 0.0000, 0.0000, 0.0000, 0.0000, 0.0000 ]
HID	[ 0.0000,  0.0000, 0.0000, 0.0000, 0.0000, 0.0000, 0.0000, 0.0000, 0.0000, 0.0000, 0.0000, 0.0000, 0.0000 ]
0D	[ 0.0000,  0.0000, 0.0000, 0.0000, 0.0000, 0.0000, 0.0000, 0.0000, 0.0000, 0.0000, 0.0000, 0.0000, 0.0000 ]
0ID	[ 0.0000,  0.0000, 0.0000, 0.0000, 0.0000, 0.0000, 0.0000, 0.0000, 0.0000, 0.0000, 0.0000, 0.0000, 0.0000 ]
1D	[ 0.0000,  0.0010, 0.0000, 0.0000, 0.0000, 0.2951, 0.0139, 0.0000, 0.0000, 0.0000, 0.0000, 0.0000, 0.0000 ]
1ID	[ 0.0000,  0.0090, 0.0000, 0.0000, 0.0000, 0.0049, 0.6661, 0.0000, 0.0000, 0.0000, 0.0000, 0.0000, 0.0000 ]
2D	[ 0.0000,  0.0000, 0.0000, 0.0000, 0.0000, 0.0000, 0.0000, 0.0000, 0.0000, 0.0000, 0.0000, 0.0000, 0.0000 ]
2ID	[ 0.0000,  0.0000, 0.0000, 0.0000, 0.0000, 0.0000, 0.0000, 0.0000, 0.0000, 0.0000, 0.0000, 0.0000, 0.0000 ]
3D	[ 0.0000,  0.0000, 0.0000, 0.0000, 0.0000, 0.0000, 0.0000, 0.0000, 0.0000, 0.0000, 0.0000, 0.0000, 0.0000 ]
3ID	[ 0.0000,  0.0000, 0.0000, 0.0000, 0.0000, 0.0000, 0.0000, 0.0000, 0.0000, 0.0000, 0.0000, 0.0000, 0.0000 ]
4D	[ 0.0000,  0.0000, 0.0000, 0.0000, 0.0000, 0.0000, 0.0000, 0.0000, 0.0000, 0.0000, 0.0000, 0.0000, 0.0000 ]
4ID	[ 0.0000,  0.0000, 0.0000, 0.0000, 0.0000, 0.0000, 0.0000, 0.0000, 0.0000, 0.0000, 0.0000, 0.0000, 0.0000 ]
Transmission matrix of links 14:
from\to     IDLE     HEAD     HID      0D     0ID      1D     1ID      2D     2ID      3D     3ID      4D     4ID
IDLE	[ 0.0001,  0.0000, 0.0000, 0.0000, 0.0000, 0.0000, 0.0000, 0.0000, 0.0000, 0.0000, 0.0000, 0.0000, 0.0000 ]
HEAD	[ 0.0000,  0.0000, 0.0000, 0.0000, 0.0000, 0.0022, 0.0000, 0.0000, 0.0000, 0.0048, 0.0000, 0.0000, 0.0000 ]
HID	[ 0.0000,  0.0000, 0.0000, 0.0000, 0.0000, 0.0000, 0.0000, 0.0000, 0.0000, 0.0000, 0.0000, 0.0000, 0.0000 ]
0D	[ 0.0000,  0.0000, 0.0000, 0.0000, 0.0000, 0.0000, 0.0000, 0.0000, 0.0000, 0.0000, 0.0000, 0.0000, 0.0000 ]
0ID	[ 0.0000,  0.0000, 0.0000, 0.0000, 0.0000, 0.0000, 0.0000, 0.0000, 0.0000, 0.0000, 0.0000, 0.0000, 0.0000 ]
1D	[ 0.0000,  0.0000, 0.0000, 0.0000, 0.0000, 0.0662, 0.0026, 0.0000, 0.0000, 0.0000, 0.0000, 0.0000, 0.0000 ]
1ID	[ 0.0000,  0.0022, 0.0000, 0.0000, 0.0000, 0.0004, 0.2450, 0.0000, 0.0000, 0.0000, 0.0000, 0.0000, 0.0000 ]
2D	[ 0.0000,  0.0000, 0.0000, 0.0000, 0.0000, 0.0000, 0.0000, 0.0000, 0.0000, 0.0000, 0.0000, 0.0000, 0.0000 ]
2ID	[ 0.0000,  0.0000, 0.0000, 0.0000, 0.0000, 0.0000, 0.0000, 0.0000, 0.0000, 0.0000, 0.0000, 0.0000, 0.0000 ]
3D	[ 0.0000,  0.0000, 0.0000, 0.0000, 0.0000, 0.0000, 0.0000, 0.0000, 0.0000, 0.1443, 0.0057, 0.0000, 0.0000 ]
3ID	[ 0.0000,  0.0048, 0.0000, 0.0000, 0.0000, 0.0000, 0.0000, 0.0000, 0.0000, 0.0009, 0.5207, 0.0000, 0.0000 ]
4D	[ 0.0000,  0.0000, 0.0000, 0.0000, 0.0000, 0.0000, 0.0000, 0.0000, 0.0000, 0.0000, 0.0000, 0.0000, 0.0000 ]
4ID	[ 0.0000,  0.0000, 0.0000, 0.0000, 0.0000, 0.0000, 0.0000, 0.0000, 0.0000, 0.0000, 0.0000, 0.0000, 0.0000 ]
Transmission matrix of links 15:
from\to     IDLE     HEAD     HID      0D     0ID      1D     1ID      2D     2ID      3D     3ID      4D     4ID
IDLE	[ 0.0000,  0.0000, 0.0000, 0.0000, 0.0000, 0.0000, 0.0000, 0.0000, 0.0000, 0.0000, 0.0000, 0.0000, 0.0000 ]
HEAD	[ 0.0000,  0.0000, 0.0000, 0.0012, 0.0000, 0.0015, 0.0000, 0.0000, 0.0000, 0.0026, 0.0000, 0.0024, 0.0000 ]
HID	[ 0.0000,  0.0000, 0.0000, 0.0000, 0.0000, 0.0000, 0.0000, 0.0000, 0.0000, 0.0000, 0.0000, 0.0000, 0.0000 ]
0D	[ 0.0000,  0.0000, 0.0000, 0.0344, 0.0012, 0.0000, 0.0000, 0.0000, 0.0000, 0.0000, 0.0000, 0.0000, 0.0000 ]
0ID	[ 0.0000,  0.0011, 0.0000, 0.0001, 0.1005, 0.0000, 0.0000, 0.0000, 0.0000, 0.0000, 0.0000, 0.0000, 0.0000 ]
1D	[ 0.0000,  0.0000, 0.0000, 0.0000, 0.0000, 0.0437, 0.0016, 0.0000, 0.0000, 0.0000, 0.0000, 0.0000, 0.0000 ]
1ID	[ 0.0000,  0.0015, 0.0000, 0.0000, 0.0000, 0.0002, 0.1474, 0.0000, 0.0000, 0.0000, 0.0000, 0.0000, 0.0000 ]
2D	[ 0.0000,  0.0000, 0.0000, 0.0000, 0.0000, 0.0000, 0.0000, 0.0006, 0.0000, 0.0000, 0.0000, 0.0000, 0.0000 ]
2ID	[ 0.0000,  0.0000, 0.0000, 0.0000, 0.0000, 0.0000, 0.0000, 0.0000, 0.0010, 0.0000, 0.0000, 0.0000, 0.0000 ]
3D	[ 0.0000,  0.0000, 0.0000, 0.0000, 0.0000, 0.0000, 0.0000, 0.0000, 0.0000, 0.0772, 0.0028, 0.0000, 0.0000 ]
3ID	[ 0.0000,  0.0026, 0.0000, 0.0000, 0.0000, 0.0000, 0.0000, 0.0000, 0.0000, 0.0002, 0.2390, 0.0000, 0.0000 ]
4D	[ 0.0000,  0.0000, 0.0000, 0.0000, 0.0000, 0.0000, 0.0000, 0.0000, 0.0000, 0.0000, 0.0000, 0.0725, 0.0025 ]
4ID	[ 0.0000,  0.0024, 0.0000, 0.0000, 0.0000, 0.0000, 0.0000, 0.0000, 0.0000, 0.0000, 0.0000, 0.0001, 0.2596 ]
Transmission matrix of links 16:
from\to     IDLE     HEAD     HID      0D     0ID      1D     1ID      2D     2ID      3D     3ID      4D     4ID
IDLE	[ 0.0008,  0.0000, 0.0000, 0.0000, 0.0000, 0.0000, 0.0000, 0.0000, 0.0000, 0.0000, 0.0000, 0.0000, 0.0000 ]
HEAD	[ 0.0000,  0.0000, 0.0000, 0.0011, 0.0000, 0.0025, 0.0000, 0.0000, 0.0000, 0.0038, 0.0000, 0.0027, 0.0000 ]
HID	[ 0.0000,  0.0000, 0.0000, 0.0000, 0.0000, 0.0000, 0.0000, 0.0000, 0.0000, 0.0000, 0.0000, 0.0000, 0.0000 ]
0D	[ 0.0000,  0.0000, 0.0000, 0.0342, 0.0011, 0.0000, 0.0000, 0.0000, 0.0000, 0.0000, 0.0000, 0.0000, 0.0000 ]
0ID	[ 0.0000,  0.0011, 0.0000, 0.0000, 0.0468, 0.0000, 0.0000, 0.0000, 0.0000, 0.0000, 0.0000, 0.0000, 0.0000 ]
1D	[ 0.0000,  0.0000, 0.0000, 0.0000, 0.0000, 0.0738, 0.0025, 0.0000, 0.0000, 0.0000, 0.0000, 0.0000, 0.0000 ]
1ID	[ 0.0000,  0.0025, 0.0000, 0.0000, 0.0000, 0.0000, 0.1928, 0.0000, 0.0000, 0.0000, 0.0000, 0.0000, 0.0000 ]
2D	[ 0.0000,  0.0000, 0.0000, 0.0000, 0.0000, 0.0000, 0.0000, 0.0000, 0.0000, 0.0000, 0.0000, 0.0000, 0.0000 ]
2ID	[ 0.0000,  0.0000, 0.0000, 0.0000, 0.0000, 0.0000, 0.0000, 0.0000, 0.0000, 0.0000, 0.0000, 0.0000, 0.0000 ]
3D	[ 0.0000,  0.0000, 0.0000, 0.0000, 0.0000, 0.0000, 0.0000, 0.0000, 0.0000, 0.1134, 0.0038, 0.0000, 0.0000 ]
3ID	[ 0.0000,  0.0038, 0.0000, 0.0000, 0.0000, 0.0000, 0.0000, 0.0000, 0.0000, 0.0000, 0.2166, 0.0000, 0.0000 ]
4D	[ 0.0000,  0.0000, 0.0000, 0.0000, 0.0000, 0.0000, 0.0000, 0.0000, 0.0000, 0.0000, 0.0000, 0.0798, 0.0027 ]
4ID	[ 0.0000,  0.0026, 0.0000, 0.0000, 0.0000, 0.0000, 0.0000, 0.0000, 0.0000, 0.0000, 0.0000, 0.0000, 0.2117 ]
Transmission matrix of links 17:
from\to     IDLE     HEAD     HID      0D     0ID      1D     1ID      2D     2ID      3D     3ID      4D     4ID
IDLE	[ 0.0000,  0.0000, 0.0000, 0.0000, 0.0000, 0.0000, 0.0000, 0.0000, 0.0000, 0.0000, 0.0000, 0.0000, 0.0000 ]
HEAD	[ 0.0000,  0.0000, 0.0000, 0.0000, 0.0000, 0.0000, 0.0000, 0.0000, 0.0000, 0.0100, 0.0000, 0.0000, 0.0000 ]
HID	[ 0.0000,  0.0000, 0.0000, 0.0000, 0.0000, 0.0000, 0.0000, 0.0000, 0.0000, 0.0000, 0.0000, 0.0000, 0.0000 ]
0D	[ 0.0000,  0.0000, 0.0000, 0.0000, 0.0000, 0.0000, 0.0000, 0.0000, 0.0000, 0.0000, 0.0000, 0.0000, 0.0000 ]
0ID	[ 0.0000,  0.0000, 0.0000, 0.0000, 0.0000, 0.0000, 0.0000, 0.0000, 0.0000, 0.0000, 0.0000, 0.0000, 0.0000 ]
1D	[ 0.0000,  0.0000, 0.0000, 0.0000, 0.0000, 0.0000, 0.0000, 0.0000, 0.0000, 0.0000, 0.0000, 0.0000, 0.0000 ]
1ID	[ 0.0000,  0.0000, 0.0000, 0.0000, 0.0000, 0.0000, 0.0000, 0.0000, 0.0000, 0.0000, 0.0000, 0.0000, 0.0000 ]
2D	[ 0.0000,  0.0000, 0.0000, 0.0000, 0.0000, 0.0000, 0.0000, 0.0003, 0.0000, 0.0000, 0.0000, 0.0000, 0.0000 ]
2ID	[ 0.0000,  0.0000, 0.0000, 0.0000, 0.0000, 0.0000, 0.0000, 0.0000, 0.0006, 0.0000, 0.0000, 0.0000, 0.0000 ]
3D	[ 0.0000,  0.0009, 0.0000, 0.0000, 0.0000, 0.0000, 0.0000, 0.0000, 0.0000, 0.2954, 0.0134, 0.0000, 0.0000 ]
3ID	[ 0.0000,  0.0090, 0.0000, 0.0000, 0.0000, 0.0000, 0.0000, 0.0000, 0.0000, 0.0043, 0.6659, 0.0000, 0.0000 ]
4D	[ 0.0000,  0.0000, 0.0000, 0.0000, 0.0000, 0.0000, 0.0000, 0.0000, 0.0000, 0.0000, 0.0000, 0.0000, 0.0000 ]
4ID	[ 0.0000,  0.0000, 0.0000, 0.0000, 0.0000, 0.0000, 0.0000, 0.0000, 0.0000, 0.0000, 0.0000, 0.0000, 0.0000 ]
Transmission matrix of links 18:
from\to     IDLE     HEAD     HID      0D     0ID      1D     1ID      2D     2ID      3D     3ID      4D     4ID
IDLE	[ 0.0000,  0.0000, 0.0000, 0.0000, 0.0000, 0.0000, 0.0000, 0.0000, 0.0000, 0.0000, 0.0000, 0.0000, 0.0000 ]
HEAD	[ 0.0000,  0.0000, 0.0000, 0.0000, 0.0000, 0.0000, 0.0000, 0.0000, 0.0000, 0.0074, 0.0000, 0.0000, 0.0000 ]
HID	[ 0.0000,  0.0000, 0.0000, 0.0000, 0.0000, 0.0000, 0.0000, 0.0000, 0.0000, 0.0000, 0.0000, 0.0000, 0.0000 ]
0D	[ 0.0000,  0.0000, 0.0000, 0.0000, 0.0000, 0.0000, 0.0000, 0.0000, 0.0000, 0.0000, 0.0000, 0.0000, 0.0000 ]
0ID	[ 0.0000,  0.0000, 0.0000, 0.0000, 0.0000, 0.0000, 0.0000, 0.0000, 0.0000, 0.0000, 0.0000, 0.0000, 0.0000 ]
1D	[ 0.0000,  0.0000, 0.0000, 0.0000, 0.0000, 0.0000, 0.0000, 0.0000, 0.0000, 0.0000, 0.0000, 0.0000, 0.0000 ]
1ID	[ 0.0000,  0.0000, 0.0000, 0.0000, 0.0000, 0.0000, 0.0000, 0.0000, 0.0000, 0.0000, 0.0000, 0.0000, 0.0000 ]
2D	[ 0.0000,  0.0000, 0.0000, 0.0000, 0.0000, 0.0000, 0.0000, 0.0003, 0.0000, 0.0000, 0.0000, 0.0000, 0.0000 ]
2ID	[ 0.0000,  0.0000, 0.0000, 0.0000, 0.0000, 0.0000, 0.0000, 0.0000, 0.0006, 0.0000, 0.0000, 0.0000, 0.0000 ]
3D	[ 0.0000,  0.0000, 0.0000, 0.0000, 0.0000, 0.0000, 0.0000, 0.0000, 0.0000, 0.2178, 0.0100, 0.0000, 0.0000 ]
3ID	[ 0.0000,  0.0073, 0.0000, 0.0000, 0.0000, 0.0000, 0.0000, 0.0000, 0.0000, 0.0027, 0.7538, 0.0000, 0.0000 ]
4D	[ 0.0000,  0.0000, 0.0000, 0.0000, 0.0000, 0.0000, 0.0000, 0.0000, 0.0000, 0.0000, 0.0000, 0.0000, 0.0000 ]
4ID	[ 0.0000,  0.0000, 0.0000, 0.0000, 0.0000, 0.0000, 0.0000, 0.0000, 0.0000, 0.0000, 0.0000, 0.0000, 0.0000 ]
Transmission matrix of links 19:
from\to     IDLE     HEAD     HID      0D     0ID      1D     1ID      2D     2ID      3D     3ID      4D     4ID
IDLE	[ 0.0004,  0.0000, 0.0000, 0.0000, 0.0000, 0.0000, 0.0000, 0.0000, 0.0000, 0.0000, 0.0000, 0.0000, 0.0000 ]
HEAD	[ 0.0000,  0.0000, 0.0000, 0.0038, 0.0000, 0.0000, 0.0000, 0.0000, 0.0000, 0.0038, 0.0000, 0.0000, 0.0000 ]
HID	[ 0.0000,  0.0000, 0.0000, 0.0000, 0.0000, 0.0000, 0.0000, 0.0000, 0.0000, 0.0000, 0.0000, 0.0000, 0.0000 ]
0D	[ 0.0000,  0.0000, 0.0000, 0.1117, 0.0048, 0.0000, 0.0000, 0.0000, 0.0000, 0.0000, 0.0000, 0.0000, 0.0000 ]
0ID	[ 0.0000,  0.0037, 0.0000, 0.0011, 0.3725, 0.0000, 0.0000, 0.0000, 0.0000, 0.0000, 0.0000, 0.0000, 0.0000 ]
1D	[ 0.0000,  0.0000, 0.0000, 0.0000, 0.0000, 0.0000, 0.0000, 0.0000, 0.0000, 0.0000, 0.0000, 0.0000, 0.0000 ]
1ID	[ 0.0000,  0.0000, 0.0000, 0.0000, 0.0000, 0.0000, 0.0000, 0.0000, 0.0000, 0.0000, 0.0000, 0.0000, 0.0000 ]
2D	[ 0.0000,  0.0000, 0.0000, 0.0000, 0.0000, 0.0000, 0.0000, 0.0000, 0.0000, 0.0000, 0.0000, 0.0000, 0.0000 ]
2ID	[ 0.0000,  0.0000, 0.0000, 0.0000, 0.0000, 0.0000, 0.0000, 0.0000, 0.0000, 0.0000, 0.0000, 0.0000, 0.0000 ]
3D	[ 0.0000,  0.0000, 0.0000, 0.0000, 0.0000, 0.0000, 0.0000, 0.0000, 0.0000, 0.1139, 0.0048, 0.0000, 0.0000 ]
3ID	[ 0.0000,  0.0038, 0.0000, 0.0000, 0.0000, 0.0000, 0.0000, 0.0000, 0.0000, 0.0010, 0.3745, 0.0000, 0.0000 ]
4D	[ 0.0000,  0.0000, 0.0000, 0.0000, 0.0000, 0.0000, 0.0000, 0.0000, 0.0000, 0.0000, 0.0000, 0.0000, 0.0000 ]
4ID	[ 0.0000,  0.0000, 0.0000, 0.0000, 0.0000, 0.0000, 0.0000, 0.0000, 0.0000, 0.0000, 0.0000, 0.0000, 0.0000 ]
Transmission matrix of links 20:
from\to     IDLE     HEAD     HID      0D     0ID      1D     1ID      2D     2ID      3D     3ID      4D     4ID
IDLE	[ 0.0004,  0.0000, 0.0000, 0.0000, 0.0000, 0.0000, 0.0000, 0.0000, 0.0000, 0.0000, 0.0000, 0.0000, 0.0000 ]
HEAD	[ 0.0000,  0.0000, 0.0000, 0.0013, 0.0000, 0.0014, 0.0000, 0.0000, 0.0000, 0.0051, 0.0000, 0.0000, 0.0000 ]
HID	[ 0.0000,  0.0000, 0.0000, 0.0000, 0.0000, 0.0000, 0.0000, 0.0000, 0.0000, 0.0000, 0.0000, 0.0000, 0.0000 ]
0D	[ 0.0000,  0.0000, 0.0000, 0.0389, 0.0014, 0.0000, 0.0000, 0.0000, 0.0000, 0.0000, 0.0000, 0.0000, 0.0000 ]
0ID	[ 0.0000,  0.0013, 0.0000, 0.0001, 0.1283, 0.0000, 0.0000, 0.0000, 0.0000, 0.0000, 0.0000, 0.0000, 0.0000 ]
1D	[ 0.0000,  0.0000, 0.0000, 0.0000, 0.0000, 0.0404, 0.0014, 0.0000, 0.0000, 0.0000, 0.0000, 0.0000, 0.0000 ]
1ID	[ 0.0000,  0.0014, 0.0000, 0.0000, 0.0000, 0.0000, 0.1404, 0.0000, 0.0000, 0.0000, 0.0000, 0.0000, 0.0000 ]
2D	[ 0.0000,  0.0000, 0.0000, 0.0000, 0.0000, 0.0000, 0.0000, 0.0000, 0.0000, 0.0000, 0.0000, 0.0000, 0.0000 ]
2ID	[ 0.0000,  0.0000, 0.0000, 0.0000, 0.0000, 0.0000, 0.0000, 0.0000, 0.0000, 0.0000, 0.0000, 0.0000, 0.0000 ]
3D	[ 0.0000,  0.0000, 0.0000, 0.0000, 0.0000, 0.0000, 0.0000, 0.0000, 0.0000, 0.1535, 0.0055, 0.0000, 0.0000 ]
3ID	[ 0.0000,  0.0051, 0.0000, 0.0000, 0.0000, 0.0000, 0.0000, 0.0000, 0.0000, 0.0004, 0.4736, 0.0000, 0.0000 ]
4D	[ 0.0000,  0.0000, 0.0000, 0.0000, 0.0000, 0.0000, 0.0000, 0.0000, 0.0000, 0.0000, 0.0000, 0.0000, 0.0000 ]
4ID	[ 0.0000,  0.0000, 0.0000, 0.0000, 0.0000, 0.0000, 0.0000, 0.0000, 0.0000, 0.0000, 0.0000, 0.0000, 0.0000 ]
Transmission matrix of links 21:
from\to     IDLE     HEAD     HID      0D     0ID      1D     1ID      2D     2ID      3D     3ID      4D     4ID
IDLE	[ 0.0008,  0.0000, 0.0000, 0.0000, 0.0000, 0.0000, 0.0000, 0.0000, 0.0000, 0.0000, 0.0000, 0.0000, 0.0000 ]
HEAD	[ 0.0000,  0.0000, 0.0000, 0.0000, 0.0000, 0.0025, 0.0000, 0.0000, 0.0000, 0.0000, 0.0000, 0.0050, 0.0000 ]
HID	[ 0.0000,  0.0000, 0.0000, 0.0000, 0.0000, 0.0000, 0.0000, 0.0000, 0.0000, 0.0000, 0.0000, 0.0000, 0.0000 ]
0D	[ 0.0000,  0.0000, 0.0000, 0.0000, 0.0000, 0.0000, 0.0000, 0.0000, 0.0000, 0.0000, 0.0000, 0.0000, 0.0000 ]
0ID	[ 0.0000,  0.0000, 0.0000, 0.0000, 0.0000, 0.0000, 0.0000, 0.0000, 0.0000, 0.0000, 0.0000, 0.0000, 0.0000 ]
1D	[ 0.0000,  0.0000, 0.0000, 0.0000, 0.0000, 0.0733, 0.0030, 0.0000, 0.0000, 0.0000, 0.0000, 0.0000, 0.0000 ]
1ID	[ 0.0000,  0.0025, 0.0000, 0.0000, 0.0000, 0.0005, 0.2549, 0.0000, 0.0000, 0.0000, 0.0000, 0.0000, 0.0000 ]
2D	[ 0.0000,  0.0000, 0.0000, 0.0000, 0.0000, 0.0000, 0.0000, 0.0000, 0.0000, 0.0000, 0.0000, 0.0000, 0.0000 ]
2ID	[ 0.0000,  0.0000, 0.0000, 0.0000, 0.0000, 0.0000, 0.0000, 0.0000, 0.0000, 0.0000, 0.0000, 0.0000, 0.0000 ]
3D	[ 0.0000,  0.0000, 0.0000, 0.0000, 0.0000, 0.0000, 0.0000, 0.0000, 0.0000, 0.0000, 0.0000, 0.0000, 0.0000 ]
3ID	[ 0.0000,  0.0000, 0.0000, 0.0000, 0.0000, 0.0000, 0.0000, 0.0000, 0.0000, 0.0000, 0.0000, 0.0000, 0.0000 ]
4D	[ 0.0000,  0.0000, 0.0000, 0.0000, 0.0000, 0.0000, 0.0000, 0.0000, 0.0000, 0.0000, 0.0000, 0.1494, 0.0062 ]
4ID	[ 0.0000,  0.0050, 0.0000, 0.0000, 0.0000, 0.0000, 0.0000, 0.0000, 0.0000, 0.0000, 0.0000, 0.0012, 0.4958 ]
Transmission matrix of links 22:
from\to     IDLE     HEAD     HID      0D     0ID      1D     1ID      2D     2ID      3D     3ID      4D     4ID
IDLE	[ 0.0001,  0.0000, 0.0000, 0.0000, 0.0000, 0.0000, 0.0000, 0.0000, 0.0000, 0.0000, 0.0000, 0.0000, 0.0000 ]
HEAD	[ 0.0000,  0.0000, 0.0000, 0.0000, 0.0000, 0.0025, 0.0000, 0.0000, 0.0000, 0.0051, 0.0000, 0.0025, 0.0000 ]
HID	[ 0.0000,  0.0000, 0.0000, 0.0000, 0.0000, 0.0000, 0.0000, 0.0000, 0.0000, 0.0000, 0.0000, 0.0000, 0.0000 ]
0D	[ 0.0000,  0.0000, 0.0000, 0.0000, 0.0000, 0.0000, 0.0000, 0.0000, 0.0000, 0.0000, 0.0000, 0.0000, 0.0000 ]
0ID	[ 0.0000,  0.0000, 0.0000, 0.0000, 0.0000, 0.0000, 0.0000, 0.0000, 0.0000, 0.0000, 0.0000, 0.0000, 0.0000 ]
1D	[ 0.0000,  0.0000, 0.0000, 0.0000, 0.0000, 0.0753, 0.0025, 0.0000, 0.0000, 0.0000, 0.0000, 0.0000, 0.0000 ]
1ID	[ 0.0000,  0.0025, 0.0000, 0.0000, 0.0000, 0.0000, 0.1611, 0.0000, 0.0000, 0.0000, 0.0000, 0.0000, 0.0000 ]
2D	[ 0.0000,  0.0000, 0.0000, 0.0000, 0.0000, 0.0000, 0.0000, 0.0003, 0.0000, 0.0000, 0.0000, 0.0000, 0.0000 ]
2ID	[ 0.0000,  0.0000, 0.0000, 0.0000, 0.0000, 0.0000, 0.0000, 0.0000, 0.0006, 0.0000, 0.0000, 0.0000, 0.0000 ]
3D	[ 0.0000,  0.0000, 0.0000, 0.0000, 0.0000, 0.0000, 0.0000, 0.0000, 0.0000, 0.1539, 0.0051, 0.0000, 0.0000 ]
3ID	[ 0.0000,  0.0051, 0.0000, 0.0000, 0.0000, 0.0000, 0.0000, 0.0000, 0.0000, 0.0000, 0.3291, 0.0000, 0.0000 ]
4D	[ 0.0000,  0.0000, 0.0000, 0.0000, 0.0000, 0.0000, 0.0000, 0.0000, 0.0000, 0.0000, 0.0000, 0.0735, 0.0025 ]
4ID	[ 0.0000,  0.0025, 0.0000, 0.0000, 0.0000, 0.0000, 0.0000, 0.0000, 0.0000, 0.0000, 0.0000, 0.0000, 0.1758 ]
Transmission matrix of links 23:
from\to     IDLE     HEAD     HID      0D     0ID      1D     1ID      2D     2ID      3D     3ID      4D     4ID
IDLE	[ 0.0000,  0.0000, 0.0000, 0.0000, 0.0000, 0.0000, 0.0000, 0.0000, 0.0000, 0.0000, 0.0000, 0.0000, 0.0000 ]
HEAD	[ 0.0000,  0.0000, 0.0000, 0.0100, 0.0000, 0.0000, 0.0000, 0.0000, 0.0000, 0.0000, 0.0000, 0.0000, 0.0000 ]
HID	[ 0.0000,  0.0000, 0.0000, 0.0000, 0.0000, 0.0000, 0.0000, 0.0000, 0.0000, 0.0000, 0.0000, 0.0000, 0.0000 ]
0D	[ 0.0000,  0.0009, 0.0000, 0.2950, 0.0138, 0.0000, 0.0000, 0.0000, 0.0000, 0.0000, 0.0000, 0.0000, 0.0000 ]
0ID	[ 0.0000,  0.0091, 0.0000, 0.0047, 0.6662, 0.0000, 0.0000, 0.0000, 0.0000, 0.0000, 0.0000, 0.0000, 0.0000 ]
1D	[ 0.0000,  0.0000, 0.0000, 0.0000, 0.0000, 0.0000, 0.0000, 0.0000, 0.0000, 0.0000, 0.0000, 0.0000, 0.0000 ]
1ID	[ 0.0000,  0.0000, 0.0000, 0.0000, 0.0000, 0.0000, 0.0000, 0.0000, 0.0000, 0.0000, 0.0000, 0.0000, 0.0000 ]
2D	[ 0.0000,  0.0000, 0.0000, 0.0000, 0.0000, 0.0000, 0.0000, 0.0000, 0.0000, 0.0000, 0.0000, 0.0000, 0.0000 ]
2ID	[ 0.0000,  0.0000, 0.0000, 0.0000, 0.0000, 0.0000, 0.0000, 0.0000, 0.0000, 0.0000, 0.0000, 0.0000, 0.0000 ]
3D	[ 0.0000,  0.0000, 0.0000, 0.0000, 0.0000, 0.0000, 0.0000, 0.0000, 0.0000, 0.0000, 0.0000, 0.0000, 0.0000 ]
3ID	[ 0.0000,  0.0000, 0.0000, 0.0000, 0.0000, 0.0000, 0.0000, 0.0000, 0.0000, 0.0000, 0.0000, 0.0000, 0.0000 ]
4D	[ 0.0000,  0.0000, 0.0000, 0.0000, 0.0000, 0.0000, 0.0000, 0.0000, 0.0000, 0.0000, 0.0000, 0.0003, 0.0000 ]
4ID	[ 0.0000,  0.0000, 0.0000, 0.0000, 0.0000, 0.0000, 0.0000, 0.0000, 0.0000, 0.0000, 0.0000, 0.0000, 0.0000 ]
Transmission matrix of links 24:
from\to     IDLE     HEAD     HID      0D     0ID      1D     1ID      2D     2ID      3D     3ID      4D     4ID
IDLE	[ 0.0001,  0.0000, 0.0000, 0.0000, 0.0000, 0.0000, 0.0000, 0.0000, 0.0000, 0.0000, 0.0000, 0.0000, 0.0000 ]
HEAD	[ 0.0000,  0.0000, 0.0000, 0.0036, 0.0000, 0.0000, 0.0000, 0.0000, 0.0000, 0.0038, 0.0000, 0.0000, 0.0000 ]
HID	[ 0.0000,  0.0000, 0.0000, 0.0000, 0.0000, 0.0000, 0.0000, 0.0000, 0.0000, 0.0000, 0.0000, 0.0000, 0.0000 ]
0D	[ 0.0000,  0.0000, 0.0000, 0.1068, 0.0045, 0.0000, 0.0000, 0.0000, 0.0000, 0.0000, 0.0000, 0.0000, 0.0000 ]
0ID	[ 0.0000,  0.0036, 0.0000, 0.0009, 0.3752, 0.0000, 0.0000, 0.0000, 0.0000, 0.0000, 0.0000, 0.0000, 0.0000 ]
1D	[ 0.0000,  0.0000, 0.0000, 0.0000, 0.0000, 0.0000, 0.0000, 0.0000, 0.0000, 0.0000, 0.0000, 0.0000, 0.0000 ]
1ID	[ 0.0000,  0.0000, 0.0000, 0.0000, 0.0000, 0.0000, 0.0000, 0.0000, 0.0000, 0.0000, 0.0000, 0.0000, 0.0000 ]
2D	[ 0.0000,  0.0000, 0.0000, 0.0000, 0.0000, 0.0000, 0.0000, 0.0003, 0.0000, 0.0000, 0.0000, 0.0000, 0.0000 ]
2ID	[ 0.0000,  0.0000, 0.0000, 0.0000, 0.0000, 0.0000, 0.0000, 0.0000, 0.0006, 0.0000, 0.0000, 0.0000, 0.0000 ]
3D	[ 0.0000,  0.0000, 0.0000, 0.0000, 0.0000, 0.0000, 0.0000, 0.0000, 0.0000, 0.1124, 0.0048, 0.0000, 0.0000 ]
3ID	[ 0.0000,  0.0038, 0.0000, 0.0000, 0.0000, 0.0000, 0.0000, 0.0000, 0.0000, 0.0010, 0.3786, 0.0000, 0.0000 ]
4D	[ 0.0000,  0.0000, 0.0000, 0.0000, 0.0000, 0.0000, 0.0000, 0.0000, 0.0000, 0.0000, 0.0000, 0.0000, 0.0000 ]
4ID	[ 0.0000,  0.0000, 0.0000, 0.0000, 0.0000, 0.0000, 0.0000, 0.0000, 0.0000, 0.0000, 0.0000, 0.0000, 0.0000 ]
Transmission matrix of links 25:
from\to     IDLE     HEAD     HID      0D     0ID      1D     1ID      2D     2ID      3D     3ID      4D     4ID
IDLE	[ 0.0004,  0.0000, 0.0000, 0.0000, 0.0000, 0.0000, 0.0000, 0.0000, 0.0000, 0.0000, 0.0000, 0.0000, 0.0000 ]
HEAD	[ 0.0000,  0.0000, 0.0000, 0.0000, 0.0000, 0.0000, 0.0000, 0.0000, 0.0000, 0.0073, 0.0000, 0.0000, 0.0000 ]
HID	[ 0.0000,  0.0000, 0.0000, 0.0000, 0.0000, 0.0000, 0.0000, 0.0000, 0.0000, 0.0000, 0.0000, 0.0000, 0.0000 ]
0D	[ 0.0000,  0.0000, 0.0000, 0.0000, 0.0000, 0.0000, 0.0000, 0.0000, 0.0000, 0.0000, 0.0000, 0.0000, 0.0000 ]
0ID	[ 0.0000,  0.0000, 0.0000, 0.0000, 0.0000, 0.0000, 0.0000, 0.0000, 0.0000, 0.0000, 0.0000, 0.0000, 0.0000 ]
1D	[ 0.0000,  0.0000, 0.0000, 0.0000, 0.0000, 0.0000, 0.0000, 0.0000, 0.0000, 0.0000, 0.0000, 0.0000, 0.0000 ]
1ID	[ 0.0000,  0.0000, 0.0000, 0.0000, 0.0000, 0.0000, 0.0000, 0.0000, 0.0000, 0.0000, 0.0000, 0.0000, 0.0000 ]
2D	[ 0.0000,  0.0000, 0.0000, 0.0000, 0.0000, 0.0000, 0.0000, 0.0000, 0.0000, 0.0000, 0.0000, 0.0000, 0.0000 ]
2ID	[ 0.0000,  0.0000, 0.0000, 0.0000, 0.0000, 0.0000, 0.0000, 0.0000, 0.0000, 0.0000, 0.0000, 0.0000, 0.0000 ]
3D	[ 0.0000,  0.0000, 0.0000, 0.0000, 0.0000, 0.0000, 0.0000, 0.0000, 0.0000, 0.2173, 0.0099, 0.0000, 0.0000 ]
3ID	[ 0.0000,  0.0073, 0.0000, 0.0000, 0.0000, 0.0000, 0.0000, 0.0000, 0.0000, 0.0026, 0.7551, 0.0000, 0.0000 ]
4D	[ 0.0000,  0.0000, 0.0000, 0.0000, 0.0000, 0.0000, 0.0000, 0.0000, 0.0000, 0.0000, 0.0000, 0.0000, 0.0000 ]
4ID	[ 0.0000,  0.0000, 0.0000, 0.0000, 0.0000, 0.0000, 0.0000, 0.0000, 0.0000, 0.0000, 0.0000, 0.0000, 0.0000 ]
Transmission matrix of links 26:
from\to     IDLE     HEAD     HID      0D     0ID      1D     1ID      2D     2ID      3D     3ID      4D     4ID
IDLE	[ 0.0001,  0.0000, 0.0000, 0.0000, 0.0000, 0.0000, 0.0000, 0.0000, 0.0000, 0.0000, 0.0000, 0.0000, 0.0000 ]
HEAD	[ 0.0000,  0.0000, 0.0000, 0.0013, 0.0000, 0.0013, 0.0000, 0.0000, 0.0000, 0.0050, 0.0000, 0.0000, 0.0000 ]
HID	[ 0.0000,  0.0000, 0.0000, 0.0000, 0.0000, 0.0000, 0.0000, 0.0000, 0.0000, 0.0000, 0.0000, 0.0000, 0.0000 ]
0D	[ 0.0000,  0.0000, 0.0000, 0.0392, 0.0014, 0.0000, 0.0000, 0.0000, 0.0000, 0.0000, 0.0000, 0.0000, 0.0000 ]
0ID	[ 0.0000,  0.0013, 0.0000, 0.0001, 0.1404, 0.0000, 0.0000, 0.0000, 0.0000, 0.0000, 0.0000, 0.0000, 0.0000 ]
1D	[ 0.0000,  0.0000, 0.0000, 0.0000, 0.0000, 0.0386, 0.0014, 0.0000, 0.0000, 0.0000, 0.0000, 0.0000, 0.0000 ]
1ID	[ 0.0000,  0.0013, 0.0000, 0.0000, 0.0000, 0.0001, 0.1388, 0.0000, 0.0000, 0.0000, 0.0000, 0.0000, 0.0000 ]
2D	[ 0.0000,  0.0000, 0.0000, 0.0000, 0.0000, 0.0000, 0.0000, 0.0000, 0.0000, 0.0000, 0.0000, 0.0000, 0.0000 ]
2ID	[ 0.0000,  0.0000, 0.0000, 0.0000, 0.0000, 0.0000, 0.0000, 0.0000, 0.0000, 0.0000, 0.0000, 0.0000, 0.0000 ]
3D	[ 0.0000,  0.0000, 0.0000, 0.0000, 0.0000, 0.0000, 0.0000, 0.0000, 0.0000, 0.1487, 0.0054, 0.0000, 0.0000 ]
3ID	[ 0.0000,  0.0050, 0.0000, 0.0000, 0.0000, 0.0000, 0.0000, 0.0000, 0.0000, 0.0004, 0.4703, 0.0000, 0.0000 ]
4D	[ 0.0000,  0.0000, 0.0000, 0.0000, 0.0000, 0.0000, 0.0000, 0.0000, 0.0000, 0.0000, 0.0000, 0.0000, 0.0000 ]
4ID	[ 0.0000,  0.0000, 0.0000, 0.0000, 0.0000, 0.0000, 0.0000, 0.0000, 0.0000, 0.0000, 0.0000, 0.0000, 0.0000 ]
Transmission matrix of links 27:
from\to     IDLE     HEAD     HID      0D     0ID      1D     1ID      2D     2ID      3D     3ID      4D     4ID
IDLE	[ 0.0001,  0.0000, 0.0000, 0.0000, 0.0000, 0.0000, 0.0000, 0.0000, 0.0000, 0.0000, 0.0000, 0.0000, 0.0000 ]
HEAD	[ 0.0000,  0.0000, 0.0000, 0.0000, 0.0000, 0.0021, 0.0000, 0.0000, 0.0000, 0.0000, 0.0000, 0.0050, 0.0000 ]
HID	[ 0.0000,  0.0000, 0.0000, 0.0000, 0.0000, 0.0000, 0.0000, 0.0000, 0.0000, 0.0000, 0.0000, 0.0000, 0.0000 ]
0D	[ 0.0000,  0.0000, 0.0000, 0.0000, 0.0000, 0.0000, 0.0000, 0.0000, 0.0000, 0.0000, 0.0000, 0.0000, 0.0000 ]
0ID	[ 0.0000,  0.0000, 0.0000, 0.0000, 0.0000, 0.0000, 0.0000, 0.0000, 0.0000, 0.0000, 0.0000, 0.0000, 0.0000 ]
1D	[ 0.0000,  0.0000, 0.0000, 0.0000, 0.0000, 0.0614, 0.0025, 0.0000, 0.0000, 0.0000, 0.0000, 0.0000, 0.0000 ]
1ID	[ 0.0000,  0.0021, 0.0000, 0.0000, 0.0000, 0.0004, 0.1915, 0.0000, 0.0000, 0.0000, 0.0000, 0.0000, 0.0000 ]
2D	[ 0.0000,  0.0000, 0.0000, 0.0000, 0.0000, 0.0000, 0.0000, 0.0003, 0.0000, 0.0000, 0.0000, 0.0000, 0.0000 ]
2ID	[ 0.0000,  0.0000, 0.0000, 0.0000, 0.0000, 0.0000, 0.0000, 0.0000, 0.0002, 0.0000, 0.0000, 0.0000, 0.0000 ]
3D	[ 0.0000,  0.0000, 0.0000, 0.0000, 0.0000, 0.0000, 0.0000, 0.0000, 0.0000, 0.0000, 0.0000, 0.0000, 0.0000 ]
3ID	[ 0.0000,  0.0000, 0.0000, 0.0000, 0.0000, 0.0000, 0.0000, 0.0000, 0.0000, 0.0000, 0.0000, 0.0000, 0.0000 ]
4D	[ 0.0000,  0.0000, 0.0000, 0.0000, 0.0000, 0.0000, 0.0000, 0.0000, 0.0000, 0.0000, 0.0000, 0.1506, 0.0060 ]
4ID	[ 0.0000,  0.0050, 0.0000, 0.0000, 0.0000, 0.0000, 0.0000, 0.0000, 0.0000, 0.0000, 0.0000, 0.0009, 0.5719 ]
Transmission matrix of links 28:
from\to     IDLE     HEAD     HID      0D     0ID      1D     1ID      2D     2ID      3D     3ID      4D     4ID
IDLE	[ 0.0001,  0.0000, 0.0000, 0.0000, 0.0000, 0.0000, 0.0000, 0.0000, 0.0000, 0.0000, 0.0000, 0.0000, 0.0000 ]
HEAD	[ 0.0000,  0.0000, 0.0000, 0.0012, 0.0000, 0.0024, 0.0000, 0.0000, 0.0000, 0.0038, 0.0000, 0.0023, 0.0000 ]
HID	[ 0.0000,  0.0000, 0.0000, 0.0000, 0.0000, 0.0000, 0.0000, 0.0000, 0.0000, 0.0000, 0.0000, 0.0000, 0.0000 ]
0D	[ 0.0000,  0.0000, 0.0000, 0.0375, 0.0012, 0.0000, 0.0000, 0.0000, 0.0000, 0.0000, 0.0000, 0.0000, 0.0000 ]
0ID	[ 0.0000,  0.0012, 0.0000, 0.0000, 0.0712, 0.0000, 0.0000, 0.0000, 0.0000, 0.0000, 0.0000, 0.0000, 0.0000 ]
1D	[ 0.0000,  0.0000, 0.0000, 0.0000, 0.0000, 0.0732, 0.0024, 0.0000, 0.0000, 0.0000, 0.0000, 0.0000, 0.0000 ]
1ID	[ 0.0000,  0.0024, 0.0000, 0.0000, 0.0000, 0.0000, 0.1727, 0.0000, 0.0000, 0.0000, 0.0000, 0.0000, 0.0000 ]
2D	[ 0.0000,  0.0000, 0.0000, 0.0000, 0.0000, 0.0000, 0.0000, 0.0000, 0.0000, 0.0000, 0.0000, 0.0000, 0.0000 ]
2ID	[ 0.0000,  0.0000, 0.0000, 0.0000, 0.0000, 0.0000, 0.0000, 0.0000, 0.0000, 0.0000, 0.0000, 0.0000, 0.0000 ]
3D	[ 0.0000,  0.0000, 0.0000, 0.0000, 0.0000, 0.0000, 0.0000, 0.0000, 0.0000, 0.1152, 0.0038, 0.0000, 0.0000 ]
3ID	[ 0.0000,  0.0038, 0.0000, 0.0000, 0.0000, 0.0000, 0.0000, 0.0000, 0.0000, 0.0000, 0.2702, 0.0000, 0.0000 ]
4D	[ 0.0000,  0.0000, 0.0000, 0.0000, 0.0000, 0.0000, 0.0000, 0.0000, 0.0000, 0.0000, 0.0000, 0.0678, 0.0023 ]
4ID	[ 0.0000,  0.0023, 0.0000, 0.0000, 0.0000, 0.0000, 0.0000, 0.0000, 0.0000, 0.0000, 0.0000, 0.0000, 0.1628 ]
Transmission matrix of links 29:
from\to     IDLE     HEAD     HID      0D     0ID      1D     1ID      2D     2ID      3D     3ID      4D     4ID
IDLE	[ 0.0000,  0.0000, 0.0000, 0.0000, 0.0000, 0.0000, 0.0000, 0.0000, 0.0000, 0.0000, 0.0000, 0.0000, 0.0000 ]
HEAD	[ 0.0000,  0.0000, 0.0000, 0.0000, 0.0000, 0.0000, 0.0000, 0.0000, 0.0000, 0.0100, 0.0000, 0.0000, 0.0000 ]
HID	[ 0.0000,  0.0000, 0.0000, 0.0000, 0.0000, 0.0000, 0.0000, 0.0000, 0.0000, 0.0000, 0.0000, 0.0000, 0.0000 ]
0D	[ 0.0000,  0.0000, 0.0000, 0.0000, 0.0000, 0.0000, 0.0000, 0.0000, 0.0000, 0.0000, 0.0000, 0.0000, 0.0000 ]
0ID	[ 0.0000,  0.0000, 0.0000, 0.0000, 0.0000, 0.0000, 0.0000, 0.0000, 0.0000, 0.0000, 0.0000, 0.0000, 0.0000 ]
1D	[ 0.0000,  0.0000, 0.0000, 0.0000, 0.0000, 0.0000, 0.0000, 0.0000, 0.0000, 0.0000, 0.0000, 0.0000, 0.0000 ]
1ID	[ 0.0000,  0.0000, 0.0000, 0.0000, 0.0000, 0.0000, 0.0000, 0.0000, 0.0000, 0.0000, 0.0000, 0.0000, 0.0000 ]
2D	[ 0.0000,  0.0000, 0.0000, 0.0000, 0.0000, 0.0000, 0.0000, 0.0003, 0.0000, 0.0000, 0.0000, 0.0000, 0.0000 ]
2ID	[ 0.0000,  0.0000, 0.0000, 0.0000, 0.0000, 0.0000, 0.0000, 0.0000, 0.0000, 0.0000, 0.0000, 0.0000, 0.0000 ]
3D	[ 0.0000,  0.0010, 0.0000, 0.0000, 0.0000, 0.0000, 0.0000, 0.0000, 0.0000, 0.2954, 0.0133, 0.0000, 0.0000 ]
3ID	[ 0.0000,  0.0089, 0.0000, 0.0000, 0.0000, 0.0000, 0.0000, 0.0000, 0.0000, 0.0043, 0.6667, 0.0000, 0.0000 ]
4D	[ 0.0000,  0.0000, 0.0000, 0.0000, 0.0000, 0.0000, 0.0000, 0.0000, 0.0000, 0.0000, 0.0000, 0.0000, 0.0000 ]
4ID	[ 0.0000,  0.0000, 0.0000, 0.0000, 0.0000, 0.0000, 0.0000, 0.0000, 0.0000, 0.0000, 0.0000, 0.0000, 0.0000 ]
Transmission matrix of links 30:
from\to     IDLE     HEAD     HID      0D     0ID      1D     1ID      2D     2ID      3D     3ID      4D     4ID
IDLE	[ 0.0039,  0.0000, 0.0000, 0.0000, 0.0000, 0.0000, 0.0000, 0.0000, 0.0000, 0.0000, 0.0000, 0.0000, 0.0000 ]
HEAD	[ 0.0000,  0.0000, 0.0000, 0.0012, 0.0000, 0.0012, 0.0000, 0.0000, 0.0000, 0.0049, 0.0000, 0.0000, 0.0000 ]
HID	[ 0.0000,  0.0000, 0.0000, 0.0000, 0.0000, 0.0000, 0.0000, 0.0000, 0.0000, 0.0000, 0.0000, 0.0000, 0.0000 ]
0D	[ 0.0000,  0.0000, 0.0000, 0.0356, 0.0013, 0.0000, 0.0000, 0.0000, 0.0000, 0.0000, 0.0000, 0.0000, 0.0000 ]
0ID	[ 0.0000,  0.0012, 0.0000, 0.0001, 0.1055, 0.0000, 0.0000, 0.0000, 0.0000, 0.0000, 0.0000, 0.0000, 0.0000 ]
1D	[ 0.0000,  0.0000, 0.0000, 0.0000, 0.0000, 0.0347, 0.0013, 0.0000, 0.0000, 0.0000, 0.0000, 0.0000, 0.0000 ]
1ID	[ 0.0000,  0.0012, 0.0000, 0.0000, 0.0000, 0.0001, 0.1219, 0.0000, 0.0000, 0.0000, 0.0000, 0.0000, 0.0000 ]
2D	[ 0.0000,  0.0000, 0.0000, 0.0000, 0.0000, 0.0000, 0.0000, 0.0000, 0.0000, 0.0000, 0.0000, 0.0000, 0.0000 ]
2ID	[ 0.0000,  0.0000, 0.0000, 0.0000, 0.0000, 0.0000, 0.0000, 0.0000, 0.0000, 0.0000, 0.0000, 0.0000, 0.0000 ]
3D	[ 0.0000,  0.0000, 0.0000, 0.0000, 0.0000, 0.0000, 0.0000, 0.0000, 0.0000, 0.1455, 0.0052, 0.0000, 0.0000 ]
3ID	[ 0.0000,  0.0049, 0.0000, 0.0000, 0.0000, 0.0000, 0.0000, 0.0000, 0.0000, 0.0003, 0.5303, 0.0000, 0.0000 ]
4D	[ 0.0000,  0.0000, 0.0000, 0.0000, 0.0000, 0.0000, 0.0000, 0.0000, 0.0000, 0.0000, 0.0000, 0.0000, 0.0000 ]
4ID	[ 0.0000,  0.0000, 0.0000, 0.0000, 0.0000, 0.0000, 0.0000, 0.0000, 0.0000, 0.0000, 0.0000, 0.0000, 0.0000 ]
Transmission matrix of links 31:
from\to     IDLE     HEAD     HID      0D     0ID      1D     1ID      2D     2ID      3D     3ID      4D     4ID
IDLE	[ 0.0017,  0.0000, 0.0000, 0.0000, 0.0000, 0.0000, 0.0000, 0.0000, 0.0000, 0.0000, 0.0000, 0.0000, 0.0000 ]
HEAD	[ 0.0000,  0.0000, 0.0000, 0.0000, 0.0000, 0.0028, 0.0000, 0.0000, 0.0000, 0.0000, 0.0000, 0.0047, 0.0000 ]
HID	[ 0.0000,  0.0000, 0.0000, 0.0000, 0.0000, 0.0000, 0.0000, 0.0000, 0.0000, 0.0000, 0.0000, 0.0000, 0.0000 ]
0D	[ 0.0000,  0.0000, 0.0000, 0.0000, 0.0000, 0.0000, 0.0000, 0.0000, 0.0000, 0.0000, 0.0000, 0.0000, 0.0000 ]
0ID	[ 0.0000,  0.0000, 0.0000, 0.0000, 0.0000, 0.0000, 0.0000, 0.0000, 0.0000, 0.0000, 0.0000, 0.0000, 0.0000 ]
1D	[ 0.0000,  0.0000, 0.0000, 0.0000, 0.0000, 0.0846, 0.0035, 0.0000, 0.0000, 0.0000, 0.0000, 0.0000, 0.0000 ]
1ID	[ 0.0000,  0.0028, 0.0000, 0.0000, 0.0000, 0.0007, 0.3115, 0.0000, 0.0000, 0.0000, 0.0000, 0.0000, 0.0000 ]
2D	[ 0.0000,  0.0000, 0.0000, 0.0000, 0.0000, 0.0000, 0.0000, 0.0000, 0.0000, 0.0000, 0.0000, 0.0000, 0.0000 ]
2ID	[ 0.0000,  0.0000, 0.0000, 0.0000, 0.0000, 0.0000, 0.0000, 0.0000, 0.0000, 0.0000, 0.0000, 0.0000, 0.0000 ]
3D	[ 0.0000,  0.0000, 0.0000, 0.0000, 0.0000, 0.0000, 0.0000, 0.0000, 0.0000, 0.0000, 0.0000, 0.0000, 0.0000 ]
3ID	[ 0.0000,  0.0000, 0.0000, 0.0000, 0.0000, 0.0000, 0.0000, 0.0000, 0.0000, 0.0000, 0.0000, 0.0000, 0.0000 ]
4D	[ 0.0000,  0.0000, 0.0000, 0.0000, 0.0000, 0.0000, 0.0000, 0.0000, 0.0000, 0.0000, 0.0000, 0.1394, 0.0056 ]
4ID	[ 0.0000,  0.0047, 0.0000, 0.0000, 0.0000, 0.0000, 0.0000, 0.0000, 0.0000, 0.0000, 0.0000, 0.0010, 0.4370 ]
Transmission matrix of links 32:
from\to     IDLE     HEAD     HID      0D     0ID      1D     1ID      2D     2ID      3D     3ID      4D     4ID
IDLE	[ 0.0001,  0.0000, 0.0000, 0.0000, 0.0000, 0.0000, 0.0000, 0.0000, 0.0000, 0.0000, 0.0000, 0.0000, 0.0000 ]
HEAD	[ 0.0000,  0.0000, 0.0000, 0.0013, 0.0000, 0.0025, 0.0000, 0.0000, 0.0000, 0.0051, 0.0000, 0.0012, 0.0000 ]
HID	[ 0.0000,  0.0000, 0.0000, 0.0000, 0.0000, 0.0000, 0.0000, 0.0000, 0.0000, 0.0000, 0.0000, 0.0000, 0.0000 ]
0D	[ 0.0000,  0.0000, 0.0000, 0.0390, 0.0013, 0.0000, 0.0000, 0.0000, 0.0000, 0.0000, 0.0000, 0.0000, 0.0000 ]
0ID	[ 0.0000,  0.0013, 0.0000, 0.0000, 0.0821, 0.0000, 0.0000, 0.0000, 0.0000, 0.0000, 0.0000, 0.0000, 0.0000 ]
1D	[ 0.0000,  0.0000, 0.0000, 0.0000, 0.0000, 0.0744, 0.0025, 0.0000, 0.0000, 0.0000, 0.0000, 0.0000, 0.0000 ]
1ID	[ 0.0000,  0.0025, 0.0000, 0.0000, 0.0000, 0.0000, 0.1629, 0.0000, 0.0000, 0.0000, 0.0000, 0.0000, 0.0000 ]
2D	[ 0.0000,  0.0000, 0.0000, 0.0000, 0.0000, 0.0000, 0.0000, 0.0003, 0.0000, 0.0000, 0.0000, 0.0000, 0.0000 ]
2ID	[ 0.0000,  0.0000, 0.0000, 0.0000, 0.0000, 0.0000, 0.0000, 0.0000, 0.0000, 0.0000, 0.0000, 0.0000, 0.0000 ]
3D	[ 0.0000,  0.0000, 0.0000, 0.0000, 0.0000, 0.0000, 0.0000, 0.0000, 0.0000, 0.1539, 0.0051, 0.0000, 0.0000 ]
3ID	[ 0.0000,  0.0051, 0.0000, 0.0000, 0.0000, 0.0000, 0.0000, 0.0000, 0.0000, 0.0000, 0.3165, 0.0000, 0.0000 ]
4D	[ 0.0000,  0.0000, 0.0000, 0.0000, 0.0000, 0.0000, 0.0000, 0.0000, 0.0000, 0.0000, 0.0000, 0.0369, 0.0012 ]
4ID	[ 0.0000,  0.0012, 0.0000, 0.0000, 0.0000, 0.0000, 0.0000, 0.0000, 0.0000, 0.0000, 0.0000, 0.0000, 0.1035 ]
Transmission matrix of links 33:
from\to     IDLE     HEAD     HID      0D     0ID      1D     1ID      2D     2ID      3D     3ID      4D     4ID
IDLE	[ 0.0000,  0.0000, 0.0000, 0.0000, 0.0000, 0.0000, 0.0000, 0.0000, 0.0000, 0.0000, 0.0000, 0.0000, 0.0000 ]
HEAD	[ 0.0000,  0.0000, 0.0000, 0.0000, 0.0000, 0.0000, 0.0000, 0.0000, 0.0000, 0.0000, 0.0000, 0.0100, 0.0000 ]
HID	[ 0.0000,  0.0000, 0.0000, 0.0000, 0.0000, 0.0000, 0.0000, 0.0000, 0.0000, 0.0000, 0.0000, 0.0000, 0.0000 ]
0D	[ 0.0000,  0.0000, 0.0000, 0.0000, 0.0000, 0.0000, 0.0000, 0.0000, 0.0000, 0.0000, 0.0000, 0.0000, 0.0000 ]
0ID	[ 0.0000,  0.0000, 0.0000, 0.0000, 0.0000, 0.0000, 0.0000, 0.0000, 0.0000, 0.0000, 0.0000, 0.0000, 0.0000 ]
1D	[ 0.0000,  0.0000, 0.0000, 0.0000, 0.0000, 0.0000, 0.0000, 0.0000, 0.0000, 0.0000, 0.0000, 0.0000, 0.0000 ]
1ID	[ 0.0000,  0.0000, 0.0000, 0.0000, 0.0000, 0.0000, 0.0000, 0.0000, 0.0000, 0.0000, 0.0000, 0.0000, 0.0000 ]
2D	[ 0.0000,  0.0000, 0.0000, 0.0000, 0.0000, 0.0000, 0.0000, 0.0003, 0.0000, 0.0000, 0.0000, 0.0000, 0.0000 ]
2ID	[ 0.0000,  0.0000, 0.0000, 0.0000, 0.0000, 0.0000, 0.0000, 0.0000, 0.0004, 0.0000, 0.0000, 0.0000, 0.0000 ]
3D	[ 0.0000,  0.0000, 0.0000, 0.0000, 0.0000, 0.0000, 0.0000, 0.0000, 0.0000, 0.0000, 0.0000, 0.0000, 0.0000 ]
3ID	[ 0.0000,  0.0000, 0.0000, 0.0000, 0.0000, 0.0000, 0.0000, 0.0000, 0.0000, 0.0000, 0.0000, 0.0000, 0.0000 ]
4D	[ 0.0000,  0.0012, 0.0000, 0.0000, 0.0000, 0.0000, 0.0000, 0.0000, 0.0000, 0.0000, 0.0000, 0.2944, 0.0141 ]
4ID	[ 0.0000,  0.0088, 0.0000, 0.0000, 0.0000, 0.0000, 0.0000, 0.0000, 0.0000, 0.0000, 0.0000, 0.0053, 0.6654 ]
Transmission matrix of links 34:
from\to     IDLE     HEAD     HID      0D     0ID      1D     1ID      2D     2ID      3D     3ID      4D     4ID
IDLE	[ 0.0000,  0.0000, 0.0000, 0.0000, 0.0000, 0.0000, 0.0000, 0.0000, 0.0000, 0.0000, 0.0000, 0.0000, 0.0000 ]
HEAD	[ 0.0000,  0.0000, 0.0000, 0.0000, 0.0000, 0.0000, 0.0000, 0.0000, 0.0000, 0.0000, 0.0000, 0.0074, 0.0000 ]
HID	[ 0.0000,  0.0000, 0.0000, 0.0000, 0.0000, 0.0000, 0.0000, 0.0000, 0.0000, 0.0000, 0.0000, 0.0000, 0.0000 ]
0D	[ 0.0000,  0.0000, 0.0000, 0.0000, 0.0000, 0.0000, 0.0000, 0.0000, 0.0000, 0.0000, 0.0000, 0.0000, 0.0000 ]
0ID	[ 0.0000,  0.0000, 0.0000, 0.0000, 0.0000, 0.0000, 0.0000, 0.0000, 0.0000, 0.0000, 0.0000, 0.0000, 0.0000 ]
1D	[ 0.0000,  0.0000, 0.0000, 0.0000, 0.0000, 0.0000, 0.0000, 0.0000, 0.0000, 0.0000, 0.0000, 0.0000, 0.0000 ]
1ID	[ 0.0000,  0.0000, 0.0000, 0.0000, 0.0000, 0.0000, 0.0000, 0.0000, 0.0000, 0.0000, 0.0000, 0.0000, 0.0000 ]
2D	[ 0.0000,  0.0000, 0.0000, 0.0000, 0.0000, 0.0000, 0.0000, 0.0003, 0.0000, 0.0000, 0.0000, 0.0000, 0.0000 ]
2ID	[ 0.0000,  0.0000, 0.0000, 0.0000, 0.0000, 0.0000, 0.0000, 0.0000, 0.0009, 0.0000, 0.0000, 0.0000, 0.0000 ]
3D	[ 0.0000,  0.0000, 0.0000, 0.0000, 0.0000, 0.0000, 0.0000, 0.0000, 0.0000, 0.0000, 0.0000, 0.0000, 0.0000 ]
3ID	[ 0.0000,  0.0000, 0.0000, 0.0000, 0.0000, 0.0000, 0.0000, 0.0000, 0.0000, 0.0000, 0.0000, 0.0000, 0.0000 ]
4D	[ 0.0000,  0.0000, 0.0000, 0.0000, 0.0000, 0.0000, 0.0000, 0.0000, 0.0000, 0.0000, 0.0000, 0.2195, 0.0105 ]
4ID	[ 0.0000,  0.0074, 0.0000, 0.0000, 0.0000, 0.0000, 0.0000, 0.0000, 0.0000, 0.0000, 0.0000, 0.0031, 0.7507 ]
Transmission matrix of links 35:
from\to     IDLE     HEAD     HID      0D     0ID      1D     1ID      2D     2ID      3D     3ID      4D     4ID
IDLE	[ 0.0000,  0.0000, 0.0000, 0.0000, 0.0000, 0.0000, 0.0000, 0.0000, 0.0000, 0.0000, 0.0000, 0.0000, 0.0000 ]
HEAD	[ 0.0000,  0.0000, 0.0000, 0.0000, 0.0000, 0.0036, 0.0000, 0.0000, 0.0000, 0.0000, 0.0000, 0.0037, 0.0000 ]
HID	[ 0.0000,  0.0000, 0.0000, 0.0000, 0.0000, 0.0000, 0.0000, 0.0000, 0.0000, 0.0000, 0.0000, 0.0000, 0.0000 ]
0D	[ 0.0000,  0.0000, 0.0000, 0.0000, 0.0000, 0.0000, 0.0000, 0.0000, 0.0000, 0.0000, 0.0000, 0.0000, 0.0000 ]
0ID	[ 0.0000,  0.0000, 0.0000, 0.0000, 0.0000, 0.0000, 0.0000, 0.0000, 0.0000, 0.0000, 0.0000, 0.0000, 0.0000 ]
1D	[ 0.0000,  0.0000, 0.0000, 0.0000, 0.0000, 0.1065, 0.0048, 0.0000, 0.0000, 0.0000, 0.0000, 0.0000, 0.0000 ]
1ID	[ 0.0000,  0.0036, 0.0000, 0.0000, 0.0000, 0.0012, 0.3568, 0.0000, 0.0000, 0.0000, 0.0000, 0.0000, 0.0000 ]
2D	[ 0.0000,  0.0000, 0.0000, 0.0000, 0.0000, 0.0000, 0.0000, 0.0003, 0.0000, 0.0000, 0.0000, 0.0000, 0.0000 ]
2ID	[ 0.0000,  0.0000, 0.0000, 0.0000, 0.0000, 0.0000, 0.0000, 0.0000, 0.0008, 0.0000, 0.0000, 0.0000, 0.0000 ]
3D	[ 0.0000,  0.0000, 0.0000, 0.0000, 0.0000, 0.0000, 0.0000, 0.0000, 0.0000, 0.0000, 0.0000, 0.0000, 0.0000 ]
3ID	[ 0.0000,  0.0000, 0.0000, 0.0000, 0.0000, 0.0000, 0.0000, 0.0000, 0.0000, 0.0000, 0.0000, 0.0000, 0.0000 ]
4D	[ 0.0000,  0.0000, 0.0000, 0.0000, 0.0000, 0.0000, 0.0000, 0.0000, 0.0000, 0.0000, 0.0000, 0.1093, 0.0048 ]
4ID	[ 0.0000,  0.0037, 0.0000, 0.0000, 0.0000, 0.0000, 0.0000, 0.0000, 0.0000, 0.0000, 0.0000, 0.0011, 0.3998 ]
Transmission matrix of links 36:
from\to     IDLE     HEAD     HID      0D     0ID      1D     1ID      2D     2ID      3D     3ID      4D     4ID
IDLE	[ 0.0001,  0.0000, 0.0000, 0.0000, 0.0000, 0.0000, 0.0000, 0.0000, 0.0000, 0.0000, 0.0000, 0.0000, 0.0000 ]
HEAD	[ 0.0000,  0.0000, 0.0000, 0.0013, 0.0000, 0.0028, 0.0000, 0.0000, 0.0000, 0.0050, 0.0000, 0.0014, 0.0000 ]
HID	[ 0.0000,  0.0000, 0.0000, 0.0000, 0.0000, 0.0000, 0.0000, 0.0000, 0.0000, 0.0000, 0.0000, 0.0000, 0.0000 ]
0D	[ 0.0000,  0.0000, 0.0000, 0.0393, 0.0013, 0.0000, 0.0000, 0.0000, 0.0000, 0.0000, 0.0000, 0.0000, 0.0000 ]
0ID	[ 0.0000,  0.0013, 0.0000, 0.0000, 0.0822, 0.0000, 0.0000, 0.0000, 0.0000, 0.0000, 0.0000, 0.0000, 0.0000 ]
1D	[ 0.0000,  0.0000, 0.0000, 0.0000, 0.0000, 0.0837, 0.0028, 0.0000, 0.0000, 0.0000, 0.0000, 0.0000, 0.0000 ]
1ID	[ 0.0000,  0.0028, 0.0000, 0.0000, 0.0000, 0.0000, 0.1883, 0.0000, 0.0000, 0.0000, 0.0000, 0.0000, 0.0000 ]
2D	[ 0.0000,  0.0000, 0.0000, 0.0000, 0.0000, 0.0000, 0.0000, 0.0000, 0.0000, 0.0000, 0.0000, 0.0000, 0.0000 ]
2ID	[ 0.0000,  0.0000, 0.0000, 0.0000, 0.0000, 0.0000, 0.0000, 0.0000, 0.0000, 0.0000, 0.0000, 0.0000, 0.0000 ]
3D	[ 0.0000,  0.0000, 0.0000, 0.0000, 0.0000, 0.0000, 0.0000, 0.0000, 0.0000, 0.1491, 0.0050, 0.0000, 0.0000 ]
3ID	[ 0.0000,  0.0050, 0.0000, 0.0000, 0.0000, 0.0000, 0.0000, 0.0000, 0.0000, 0.0000, 0.2933, 0.0000, 0.0000 ]
4D	[ 0.0000,  0.0000, 0.0000, 0.0000, 0.0000, 0.0000, 0.0000, 0.0000, 0.0000, 0.0000, 0.0000, 0.0420, 0.0014 ]
4ID	[ 0.0000,  0.0014, 0.0000, 0.0000, 0.0000, 0.0000, 0.0000, 0.0000, 0.0000, 0.0000, 0.0000, 0.0000, 0.0906 ]
Transmission matrix of links 37:
from\to     IDLE     HEAD     HID      0D     0ID      1D     1ID      2D     2ID      3D     3ID      4D     4ID
IDLE	[ 0.0000,  0.0000, 0.0000, 0.0000, 0.0000, 0.0000, 0.0000, 0.0000, 0.0000, 0.0000, 0.0000, 0.0000, 0.0000 ]
HEAD	[ 0.0000,  0.0000, 0.0000, 0.0000, 0.0000, 0.0000, 0.0000, 0.0000, 0.0000, 0.0000, 0.0000, 0.0100, 0.0000 ]
HID	[ 0.0000,  0.0000, 0.0000, 0.0000, 0.0000, 0.0000, 0.0000, 0.0000, 0.0000, 0.0000, 0.0000, 0.0000, 0.0000 ]
0D	[ 0.0000,  0.0000, 0.0000, 0.0000, 0.0000, 0.0000, 0.0000, 0.0000, 0.0000, 0.0000, 0.0000, 0.0000, 0.0000 ]
0ID	[ 0.0000,  0.0000, 0.0000, 0.0000, 0.0000, 0.0000, 0.0000, 0.0000, 0.0000, 0.0000, 0.0000, 0.0000, 0.0000 ]
1D	[ 0.0000,  0.0000, 0.0000, 0.0000, 0.0000, 0.0000, 0.0000, 0.0000, 0.0000, 0.0000, 0.0000, 0.0000, 0.0000 ]
1ID	[ 0.0000,  0.0000, 0.0000, 0.0000, 0.0000, 0.0000, 0.0000, 0.0000, 0.0000, 0.0000, 0.0000, 0.0000, 0.0000 ]
2D	[ 0.0000,  0.0000, 0.0000, 0.0000, 0.0000, 0.0000, 0.0000, 0.0000, 0.0000, 0.0000, 0.0000, 0.0000, 0.0000 ]
2ID	[ 0.0000,  0.0000, 0.0000, 0.0000, 0.0000, 0.0000, 0.0000, 0.0000, 0.0000, 0.0000, 0.0000, 0.0000, 0.0000 ]
3D	[ 0.0000,  0.0000, 0.0000, 0.0000, 0.0000, 0.0000, 0.0000, 0.0000, 0.0000, 0.0000, 0.0000, 0.0000, 0.0000 ]
3ID	[ 0.0000,  0.0000, 0.0000, 0.0000, 0.0000, 0.0000, 0.0000, 0.0000, 0.0000, 0.0000, 0.0000, 0.0000, 0.0000 ]
4D	[ 0.0000,  0.0013, 0.0000, 0.0000, 0.0000, 0.0000, 0.0000, 0.0000, 0.0000, 0.0000, 0.0000, 0.2948, 0.0139 ]
4ID	[ 0.0000,  0.0087, 0.0000, 0.0000, 0.0000, 0.0000, 0.0000, 0.0000, 0.0000, 0.0000, 0.0000, 0.0052, 0.6661 ]
Transmission matrix of links 38:
from\to     IDLE     HEAD     HID      0D     0ID      1D     1ID      2D     2ID      3D     3ID      4D     4ID
IDLE	[ 0.0037,  0.0000, 0.0000, 0.0000, 0.0000, 0.0000, 0.0000, 0.0000, 0.0000, 0.0000, 0.0000, 0.0000, 0.0000 ]
HEAD	[ 0.0000,  0.0000, 0.0000, 0.0000, 0.0000, 0.0000, 0.0000, 0.0000, 0.0000, 0.0000, 0.0000, 0.0073, 0.0000 ]
HID	[ 0.0000,  0.0000, 0.0000, 0.0000, 0.0000, 0.0000, 0.0000, 0.0000, 0.0000, 0.0000, 0.0000, 0.0000, 0.0000 ]
0D	[ 0.0000,  0.0000, 0.0000, 0.0000, 0.0000, 0.0000, 0.0000, 0.0000, 0.0000, 0.0000, 0.0000, 0.0000, 0.0000 ]
0ID	[ 0.0000,  0.0000, 0.0000, 0.0000, 0.0000, 0.0000, 0.0000, 0.0000, 0.0000, 0.0000, 0.0000, 0.0000, 0.0000 ]
1D	[ 0.0000,  0.0000, 0.0000, 0.0000, 0.0000, 0.0000, 0.0000, 0.0000, 0.0000, 0.0000, 0.0000, 0.0000, 0.0000 ]
1ID	[ 0.0000,  0.0000, 0.0000, 0.0000, 0.0000, 0.0000, 0.0000, 0.0000, 0.0000, 0.0000, 0.0000, 0.0000, 0.0000 ]
2D	[ 0.0000,  0.0000, 0.0000, 0.0000, 0.0000, 0.0000, 0.0000, 0.0000, 0.0000, 0.0000, 0.0000, 0.0000, 0.0000 ]
2ID	[ 0.0000,  0.0000, 0.0000, 0.0000, 0.0000, 0.0000, 0.0000, 0.0000, 0.0000, 0.0000, 0.0000, 0.0000, 0.0000 ]
3D	[ 0.0000,  0.0000, 0.0000, 0.0000, 0.0000, 0.0000, 0.0000, 0.0000, 0.0000, 0.0000, 0.0000, 0.0000, 0.0000 ]
3ID	[ 0.0000,  0.0000, 0.0000, 0.0000, 0.0000, 0.0000, 0.0000, 0.0000, 0.0000, 0.0000, 0.0000, 0.0000, 0.0000 ]
4D	[ 0.0000,  0.0000, 0.0000, 0.0000, 0.0000, 0.0000, 0.0000, 0.0000, 0.0000, 0.0000, 0.0000, 0.2166, 0.0094 ]
4ID	[ 0.0000,  0.0073, 0.0000, 0.0000, 0.0000, 0.0000, 0.0000, 0.0000, 0.0000, 0.0000, 0.0000, 0.0021, 0.7537 ]
Transmission matrix of links 39:
from\to     IDLE     HEAD     HID      0D     0ID      1D     1ID      2D     2ID      3D     3ID      4D     4ID
IDLE	[ 0.0000,  0.0000, 0.0000, 0.0000, 0.0000, 0.0000, 0.0000, 0.0000, 0.0000, 0.0000, 0.0000, 0.0000, 0.0000 ]
HEAD	[ 0.0000,  0.0000, 0.0000, 0.0000, 0.0000, 0.0071, 0.0000, 0.0000, 0.0000, 0.0000, 0.0000, 0.0000, 0.0000 ]
HID	[ 0.0000,  0.0000, 0.0000, 0.0000, 0.0000, 0.0000, 0.0000, 0.0000, 0.0000, 0.0000, 0.0000, 0.0000, 0.0000 ]
0D	[ 0.0000,  0.0000, 0.0000, 0.0000, 0.0000, 0.0000, 0.0000, 0.0000, 0.0000, 0.0000, 0.0000, 0.0000, 0.0000 ]
0ID	[ 0.0000,  0.0000, 0.0000, 0.0000, 0.0000, 0.0000, 0.0000, 0.0000, 0.0000, 0.0000, 0.0000, 0.0000, 0.0000 ]
1D	[ 0.0000,  0.0000, 0.0000, 0.0000, 0.0000, 0.2115, 0.0101, 0.0000, 0.0000, 0.0000, 0.0000, 0.0000, 0.0000 ]
1ID	[ 0.0000,  0.0071, 0.0000, 0.0000, 0.0000, 0.0030, 0.7604, 0.0000, 0.0000, 0.0000, 0.0000, 0.0000, 0.0000 ]
2D	[ 0.0000,  0.0000, 0.0000, 0.0000, 0.0000, 0.0000, 0.0000, 0.0003, 0.0000, 0.0000, 0.0000, 0.0000, 0.0000 ]
2ID	[ 0.0000,  0.0000, 0.0000, 0.0000, 0.0000, 0.0000, 0.0000, 0.0000, 0.0003, 0.0000, 0.0000, 0.0000, 0.0000 ]
3D	[ 0.0000,  0.0000, 0.0000, 0.0000, 0.0000, 0.0000, 0.0000, 0.0000, 0.0000, 0.0000, 0.0000, 0.0000, 0.0000 ]
3ID	[ 0.0000,  0.0000, 0.0000, 0.0000, 0.0000, 0.0000, 0.0000, 0.0000, 0.0000, 0.0000, 0.0000, 0.0000, 0.0000 ]
4D	[ 0.0000,  0.0000, 0.0000, 0.0000, 0.0000, 0.0000, 0.0000, 0.0000, 0.0000, 0.0000, 0.0000, 0.0000, 0.0000 ]
4ID	[ 0.0000,  0.0000, 0.0000, 0.0000, 0.0000, 0.0000, 0.0000, 0.0000, 0.0000, 0.0000, 0.0000, 0.0000, 0.0000 ]
Transmission matrix of links 40:
from\to     IDLE     HEAD     HID      0D     0ID      1D     1ID      2D     2ID      3D     3ID      4D     4ID
IDLE	[ 0.0039,  0.0000, 0.0000, 0.0000, 0.0000, 0.0000, 0.0000, 0.0000, 0.0000, 0.0000, 0.0000, 0.0000, 0.0000 ]
HEAD	[ 0.0000,  0.0000, 0.0000, 0.0012, 0.0000, 0.0012, 0.0000, 0.0000, 0.0000, 0.0049, 0.0000, 0.0026, 0.0000 ]
HID	[ 0.0000,  0.0000, 0.0000, 0.0000, 0.0000, 0.0000, 0.0000, 0.0000, 0.0000, 0.0000, 0.0000, 0.0000, 0.0000 ]
0D	[ 0.0000,  0.0000, 0.0000, 0.0357, 0.0012, 0.0000, 0.0000, 0.0000, 0.0000, 0.0000, 0.0000, 0.0000, 0.0000 ]
0ID	[ 0.0000,  0.0012, 0.0000, 0.0000, 0.0671, 0.0000, 0.0000, 0.0000, 0.0000, 0.0000, 0.0000, 0.0000, 0.0000 ]
1D	[ 0.0000,  0.0000, 0.0000, 0.0000, 0.0000, 0.0348, 0.0012, 0.0000, 0.0000, 0.0000, 0.0000, 0.0000, 0.0000 ]
1ID	[ 0.0000,  0.0012, 0.0000, 0.0000, 0.0000, 0.0000, 0.0866, 0.0000, 0.0000, 0.0000, 0.0000, 0.0000, 0.0000 ]
2D	[ 0.0000,  0.0000, 0.0000, 0.0000, 0.0000, 0.0000, 0.0000, 0.0000, 0.0000, 0.0000, 0.0000, 0.0000, 0.0000 ]
2ID	[ 0.0000,  0.0000, 0.0000, 0.0000, 0.0000, 0.0000, 0.0000, 0.0000, 0.0000, 0.0000, 0.0000, 0.0000, 0.0000 ]
3D	[ 0.0000,  0.0000, 0.0000, 0.0000, 0.0000, 0.0000, 0.0000, 0.0000, 0.0000, 0.1458, 0.0049, 0.0000, 0.0000 ]
3ID	[ 0.0000,  0.0049, 0.0000, 0.0000, 0.0000, 0.0000, 0.0000, 0.0000, 0.0000, 0.0000, 0.3212, 0.0000, 0.0000 ]
4D	[ 0.0000,  0.0000, 0.0000, 0.0000, 0.0000, 0.0000, 0.0000, 0.0000, 0.0000, 0.0000, 0.0000, 0.0783, 0.0026 ]
4ID	[ 0.0000,  0.0026, 0.0000, 0.0000, 0.0000, 0.0000, 0.0000, 0.0000, 0.0000, 0.0000, 0.0000, 0.0000, 0.1971 ]
Transmission matrix of links 41:
from\to     IDLE     HEAD     HID      0D     0ID      1D     1ID      2D     2ID      3D     3ID      4D     4ID
IDLE	[ 0.0000,  0.0000, 0.0000, 0.0000, 0.0000, 0.0000, 0.0000, 0.0000, 0.0000, 0.0000, 0.0000, 0.0000, 0.0000 ]
HEAD	[ 0.0000,  0.0000, 0.0000, 0.0000, 0.0000, 0.0100, 0.0000, 0.0000, 0.0000, 0.0000, 0.0000, 0.0000, 0.0000 ]
HID	[ 0.0000,  0.0000, 0.0000, 0.0000, 0.0000, 0.0000, 0.0000, 0.0000, 0.0000, 0.0000, 0.0000, 0.0000, 0.0000 ]
0D	[ 0.0000,  0.0000, 0.0000, 0.0000, 0.0000, 0.0000, 0.0000, 0.0000, 0.0000, 0.0000, 0.0000, 0.0000, 0.0000 ]
0ID	[ 0.0000,  0.0000, 0.0000, 0.0000, 0.0000, 0.0000, 0.0000, 0.0000, 0.0000, 0.0000, 0.0000, 0.0000, 0.0000 ]
1D	[ 0.0000,  0.0012, 0.0000, 0.0000, 0.0000, 0.2942, 0.0143, 0.0000, 0.0000, 0.0000, 0.0000, 0.0000, 0.0000 ]
1ID	[ 0.0000,  0.0087, 0.0000, 0.0000, 0.0000, 0.0055, 0.6654, 0.0000, 0.0000, 0.0000, 0.0000, 0.0000, 0.0000 ]
2D	[ 0.0000,  0.0000, 0.0000, 0.0000, 0.0000, 0.0000, 0.0000, 0.0003, 0.0000, 0.0000, 0.0000, 0.0000, 0.0000 ]
2ID	[ 0.0000,  0.0000, 0.0000, 0.0000, 0.0000, 0.0000, 0.0000, 0.0000, 0.0003, 0.0000, 0.0000, 0.0000, 0.0000 ]
3D	[ 0.0000,  0.0000, 0.0000, 0.0000, 0.0000, 0.0000, 0.0000, 0.0000, 0.0000, 0.0000, 0.0000, 0.0000, 0.0000 ]
3ID	[ 0.0000,  0.0000, 0.0000, 0.0000, 0.0000, 0.0000, 0.0000, 0.0000, 0.0000, 0.0000, 0.0000, 0.0000, 0.0000 ]
4D	[ 0.0000,  0.0000, 0.0000, 0.0000, 0.0000, 0.0000, 0.0000, 0.0000, 0.0000, 0.0000, 0.0000, 0.0000, 0.0000 ]
4ID	[ 0.0000,  0.0000, 0.0000, 0.0000, 0.0000, 0.0000, 0.0000, 0.0000, 0.0000, 0.0000, 0.0000, 0.0000, 0.0000 ]
