-1 2 0 2 3 6 4 6 7 10 11 12 13 14 0 14
2 -1 1 2 3 6 4 6 7 10 11 12 13 14 8 14
2 2 -1 2 3 6 4 6 7 10 11 12 13 14 8 14
2 2 3 -1 3 6 4 6 7 10 11 12 13 14 8 14
2 2 3 4 -1 6 4 6 7 10 11 12 13 14 8 14
2 2 3 4 6 -1 5 6 7 10 11 12 13 14 8 14
2 2 3 4 6 6 -1 6 7 10 11 12 13 14 8 14
2 2 3 4 6 6 7 -1 7 10 11 12 13 14 8 14
2 2 3 4 6 6 7 8 -1 10 11 12 13 14 8 14
14 2 3 4 6 6 7 8 14 -1 9 10 11 12 13 14
14 2 3 4 6 6 7 8 14 10 -1 10 11 12 13 14
14 2 3 4 6 6 7 8 14 10 11 -1 11 12 13 14
14 2 3 4 6 6 7 8 14 10 11 12 -1 12 13 14
14 2 3 4 6 6 7 8 14 10 11 12 13 -1 13 14
14 2 3 4 6 6 7 8 14 10 11 12 13 14 -1 14
14 2 3 4 6 6 7 8 14 10 11 12 13 14 15 -1
