-1 0 1 0 3 0 0 6 7 2 7 9 6 4 11 7
1 -1 1 2 3 3 5 6 7 2 2 9 11 4 11 14
1 2 -1 2 3 3 5 6 7 2 2 9 11 4 11 14
3 2 3 -1 3 3 5 6 7 8 4 9 6 4 11 7
3 2 3 4 -1 4 5 6 7 8 4 9 13 4 11 7
5 2 3 5 5 -1 5 6 7 8 7 9 6 8 11 7
6 2 3 5 5 6 -1 6 7 8 7 9 6 8 11 7
6 2 3 5 5 6 7 -1 7 8 7 9 8 8 11 7
6 2 3 5 5 6 7 8 -1 8 11 9 8 8 11 14
1 2 9 5 5 6 7 8 9 -1 11 9 11 14 11 14
1 2 10 4 10 6 7 10 9 11 -1 10 11 14 11 14
1 2 9 5 5 6 7 8 9 11 11 -1 11 14 11 14
6 2 9 4 13 6 12 8 12 11 11 12 -1 12 13 14
3 2 3 4 13 6 7 8 13 11 11 14 13 -1 13 14
1 2 9 5 5 6 7 8 9 11 11 14 13 14 -1 14
6 2 9 5 5 6 7 15 9 11 11 14 13 14 15 -1
