-1 0 1 2 3 4 0 5 3 7 11 1 0 14 1 0
1 -1 1 2 3 4 2 5 3 7 11 1 13 14 1 14
1 2 -1 2 3 4 2 5 3 7 3 2 5 5 9 7
1 2 3 -1 3 4 4 5 3 7 3 12 5 5 9 7
1 2 3 4 -1 4 4 5 9 7 4 12 5 5 9 7
1 2 3 4 5 -1 7 5 9 7 11 12 5 5 9 7
6 2 6 4 6 7 -1 6 9 7 11 12 13 14 9 7
1 2 3 4 5 7 7 -1 9 7 11 12 13 14 9 7
1 2 3 8 5 7 7 9 -1 8 11 12 13 14 9 9
1 2 3 4 5 7 7 9 9 -1 11 12 13 14 9 9
1 11 3 10 10 12 7 9 9 14 -1 10 11 12 13 14
1 11 11 4 5 12 7 9 9 14 11 -1 11 12 13 14
12 14 3 4 5 12 7 9 9 14 11 12 -1 12 13 14
1 14 3 4 5 13 7 9 9 14 11 12 13 -1 13 14
1 14 3 4 5 7 7 9 9 14 11 12 13 14 -1 14
15 14 3 4 5 7 7 15 9 15 11 12 13 14 15 -1
