-1 13 5 10 11 8 7 14 9 10 11 12 13 0 13 14
13 -1 1 8 5 2 7 14 5 8 11 12 13 1 13 14
13 2 -1 8 5 2 9 8 5 8 9 10 11 12 13 14
13 2 5 -1 3 4 9 8 3 8 3 10 11 12 13 14
13 2 5 4 -1 4 9 8 5 10 4 4 11 12 13 14
13 2 5 8 5 -1 9 8 5 8 9 10 11 12 13 14
13 13 5 10 10 8 -1 6 7 6 9 10 11 14 7 14
13 13 5 8 10 8 7 -1 7 7 9 10 13 14 7 14
13 2 5 8 5 8 9 8 -1 8 9 10 11 12 13 14
13 2 5 10 10 8 9 9 9 -1 9 10 11 12 13 14
13 13 5 10 10 8 9 9 9 10 -1 10 11 12 13 14
13 13 5 10 11 8 9 9 9 10 11 -1 11 12 13 14
13 13 5 10 11 8 9 14 9 10 11 12 -1 12 13 14
13 13 5 10 11 8 7 14 9 10 11 12 13 -1 13 14
13 13 5 10 11 8 7 14 9 10 11 12 13 14 -1 14
13 13 5 10 11 8 7 14 9 10 11 12 13 14 15 -1
