-1 0 1 2 3 4 4 3 3 7 1 10 11 10 13 2
1 -1 1 2 3 4 4 3 3 7 1 10 11 10 13 2
1 2 -1 2 3 4 4 3 3 7 9 4 11 5 5 2
1 2 3 -1 3 4 4 3 3 7 9 4 11 5 5 9
1 2 3 4 -1 4 4 6 6 7 9 4 11 5 5 14
1 2 3 4 5 -1 5 6 6 7 9 10 11 5 5 14
1 2 3 4 6 6 -1 6 6 7 9 10 11 10 13 9
1 2 3 7 6 6 7 -1 9 7 9 10 11 10 13 9
1 2 3 8 6 6 8 9 -1 8 9 10 11 10 13 9
1 2 3 7 6 6 7 9 9 -1 9 10 11 10 13 9
1 10 3 7 6 6 7 9 9 10 -1 10 11 10 13 14
1 10 3 4 11 6 7 9 9 10 11 -1 11 12 13 14
1 10 3 4 11 6 7 9 9 10 11 12 -1 12 13 14
1 10 3 4 5 13 7 9 9 10 13 12 13 -1 13 14
1 10 3 4 5 14 7 9 9 10 13 12 13 14 -1 14
1 2 15 7 5 14 7 9 9 15 13 12 13 14 15 -1
