-1 0 1 2 3 4 0 6 7 8 1 12 6 9 0 0
1 -1 1 2 3 4 5 6 7 5 1 2 6 5 3 14
1 2 -1 2 3 4 5 6 7 5 11 2 6 5 3 14
1 2 3 -1 3 4 5 6 7 5 7 12 6 5 3 14
1 2 3 4 -1 4 5 6 7 5 7 12 6 5 13 9
1 2 3 4 5 -1 5 6 7 5 7 12 6 5 13 9
6 2 3 4 5 6 -1 6 7 8 7 12 6 9 13 7
6 2 3 4 5 6 7 -1 7 8 7 12 13 9 13 7
6 2 3 4 5 6 7 8 -1 8 8 12 13 9 13 9
6 2 3 4 5 9 7 8 9 -1 11 12 13 9 13 9
1 10 11 4 5 6 7 10 10 13 -1 10 11 12 13 14
1 2 11 4 5 6 12 8 9 13 11 -1 11 12 13 14
6 2 3 4 5 6 12 8 9 13 11 12 -1 12 13 14
6 2 3 4 5 13 7 8 9 13 11 12 13 -1 13 14
14 2 3 14 5 13 7 8 9 13 11 12 13 14 -1 14
15 2 3 14 5 9 7 15 9 15 11 12 13 14 15 -1
