-1 10 9 13 8 6 7 8 0 10 11 12 13 14 0 14
14 -1 1 13 5 6 10 8 9 2 1 10 11 12 13 14
14 2 -1 4 8 6 10 8 9 2 9 10 11 12 13 14
14 10 9 -1 3 4 5 8 4 8 9 12 13 3 13 14
8 10 9 4 -1 4 5 8 4 8 9 10 11 12 13 14
8 10 9 4 5 -1 5 6 7 10 6 10 11 12 13 14
8 10 9 4 5 6 -1 6 7 10 6 10 11 12 13 14
8 10 9 4 8 6 7 -1 7 8 9 10 11 12 13 14
8 10 9 4 8 6 7 8 -1 8 9 10 11 12 13 14
14 10 9 4 8 6 10 8 9 -1 9 10 11 12 13 14
14 10 9 13 5 6 10 8 9 10 -1 10 11 12 13 14
14 10 9 13 5 6 10 8 9 10 11 -1 11 12 13 14
14 10 9 13 5 6 10 8 9 10 11 12 -1 12 13 14
14 10 9 13 5 6 10 8 9 10 11 12 13 -1 13 14
14 10 9 13 5 6 10 8 9 10 11 12 13 14 -1 14
14 10 9 13 5 6 10 8 9 10 11 12 13 14 15 -1
